0.100000000000E+01  0.841147953492E-04
0.100505176613E+01  0.832797145924E-04
0.101010353226E+01  0.767777353055E-04
0.101515529840E+01  0.656314446725E-04
0.102020706453E+01  0.514462462781E-04
0.102525883066E+01  0.361372706498E-04
0.103031059679E+01  0.216145552972E-04
0.103536236293E+01  0.948312016721E-05
0.104041412906E+01  0.810196914581E-06
0.104546589519E+01  -0.400221437888E-05
0.105051766132E+01  -0.522214489649E-05
0.105556942745E+01  -0.367591853069E-05
0.106062119359E+01  -0.547358010660E-06
0.106567295972E+01  0.286932590477E-05
0.107072472585E+01  0.541383690588E-05
0.107577649198E+01  0.625554457131E-05
0.108082825812E+01  0.500702276085E-05
0.108588002425E+01  0.173972629755E-05
0.109093179038E+01  -0.309374172361E-05
0.109598355651E+01  -0.880823861189E-05
0.110103532264E+01  -0.146704979892E-04
0.110608708878E+01  -0.200795414279E-04
0.111113885491E+01  -0.247068824828E-04
0.111619062104E+01  -0.285711024480E-04
0.112124238717E+01  -0.320367378967E-04
0.112629415331E+01  -0.357439406132E-04
0.113134591944E+01  -0.404895573026E-04
0.113639768557E+01  -0.470892934581E-04
0.114144945170E+01  -0.562528599851E-04
0.114650121783E+01  -0.684993476913E-04
0.115155298397E+01  -0.841298909920E-04
0.115660475010E+01  -0.103261434009E-03
0.116165651623E+01  -0.125912098702E-03
0.116670828236E+01  -0.152118142793E-03
0.117176004850E+01  -0.182056910802E-03
0.117681181463E+01  -0.216150484905E-03
0.118186358076E+01  -0.255130572561E-03
0.118691534689E+01  -0.300054980008E-03
0.119196711302E+01  -0.352277472998E-03
0.119701887916E+01  -0.413383325534E-03
0.120207064529E+01  -0.485110136837E-03
0.120712241142E+01  -0.569276098265E-03
0.121217417755E+01  -0.667735452061E-03
0.121722594369E+01  -0.782374168342E-03
0.122227770982E+01  -0.915149554300E-03
0.122732947595E+01  -0.106816778344E-02
0.123238124208E+01  -0.124378537586E-02
0.123743300821E+01  -0.144471617169E-02
0.124248477435E+01  -0.167412517411E-02
0.124753654048E+01  -0.193569464968E-02
0.125258830661E+01  -0.223365498641E-02
0.125764007274E+01  -0.257278129531E-02
0.126269183888E+01  -0.295836462602E-02
0.126774360501E+01  -0.339617219162E-02
0.127279537114E+01  -0.389241299478E-02
0.127784713727E+01  -0.445372339104E-02
0.128289890340E+01  -0.508718196838E-02
0.128795066954E+01  -0.580035594456E-02
0.129300243567E+01  -0.660137377490E-02
0.129805420180E+01  -0.749901252906E-02
0.130310596793E+01  -0.850278516954E-02
0.130815773407E+01  -0.962301282208E-02
0.131320950020E+01  -0.108708703506E-01
0.131826126633E+01  -0.122583991831E-01
0.132331303246E+01  -0.137984880029E-01
0.132836479859E+01  -0.155048280618E-01
0.133341656473E+01  -0.173918540842E-01
0.133846833086E+01  -0.194746831212E-01
0.134352009699E+01  -0.217690620290E-01
0.134857186312E+01  -0.242913299797E-01
0.135362362926E+01  -0.270583966083E-01
0.135867539539E+01  -0.300877304348E-01
0.136372716152E+01  -0.333973474591E-01
0.136877892765E+01  -0.370057873479E-01
0.137383069378E+01  -0.409320649470E-01
0.137888245992E+01  -0.451955878043E-01
0.138393422605E+01  -0.498160352541E-01
0.138898599218E+01  -0.548132002335E-01
0.139403775831E+01  -0.602068000955E-01
0.139908952445E+01  -0.660162661289E-01
0.140414129058E+01  -0.722605225734E-01
0.140919305671E+01  -0.789577644951E-01
0.141424482284E+01  -0.861252403939E-01
0.141929658897E+01  -0.937790407666E-01
0.142434835511E+01  -0.101933889180E+00
0.142940012124E+01  -0.110602928871E+00
0.143445188737E+01  -0.119797496291E+00
0.143950365350E+01  -0.129526873749E+00
0.144455541964E+01  -0.139798016203E+00
0.144960718577E+01  -0.150615251605E+00
0.145465895190E+01  -0.161979959096E+00
0.145971071803E+01  -0.173890233627E+00
0.146476248416E+01  -0.186340548380E+00
0.146981425030E+01  -0.199321427117E+00
0.147486601643E+01  -0.212819137223E+00
0.147991778256E+01  -0.226815411155E+00
0.148496954869E+01  -0.241287200080E+00
0.149002131483E+01  -0.256206459629E+00
0.149507308096E+01  -0.271539964870E+00
0.150012484709E+01  -0.287249150451E+00
0.150517661322E+01  -0.303289972633E+00
0.151022837935E+01  -0.319612792443E+00
0.151528014549E+01  -0.336162282720E+00
0.152033191162E+01  -0.352877365674E+00
0.152538367775E+01  -0.369691190635E+00
0.153043544388E+01  -0.386531163364E+00
0.153548721002E+01  -0.403319038077E+00
0.154053897615E+01  -0.419971081282E+00
0.154559074228E+01  -0.436398313126E+00
0.155064250841E+01  -0.452506827734E+00
0.155569427454E+01  -0.468198190169E+00
0.156074604068E+01  -0.483369904595E+00
0.156579780681E+01  -0.497915946837E+00
0.157084957294E+01  -0.511727354704E+00
0.157590133907E+01  -0.524692871164E+00
0.158095310521E+01  -0.536699637936E+00
0.158600487134E+01  -0.547633939734E+00
0.159105663747E+01  -0.557382001257E+00
0.159610840360E+01  -0.565830839667E+00
0.160116016973E+01  -0.572869174237E+00
0.160621193587E+01  -0.578388392288E+00
0.161126370200E+01  -0.582283566827E+00
0.161631546813E+01  -0.584454517204E+00
0.162136723426E+01  -0.584806900263E+00
0.162641900040E+01  -0.583253316736E+00
0.163147076653E+01  -0.579714416336E+00
0.163652253266E+01  -0.574119985294E+00
0.164157429879E+01  -0.566410001749E+00
0.164662606492E+01  -0.556535646885E+00
0.165167783106E+01  -0.544460262324E+00
0.165672959719E+01  -0.530160246399E+00
0.166178136332E+01  -0.513625883007E+00
0.166683312945E+01  -0.494862096553E+00
0.167188489559E+01  -0.473889125161E+00
0.167693666172E+01  -0.450743102231E+00
0.168198842785E+01  -0.425476534214E+00
0.168704019398E+01  -0.398158660673E+00
0.169209196011E+01  -0.368875682089E+00
0.169714372625E+01  -0.337730841518E+00
0.170219549238E+01  -0.304844348366E+00
0.170724725851E+01  -0.270353135802E+00
0.171229902464E+01  -0.234410447255E+00
0.171735079078E+01  -0.197185251356E+00
0.172240255691E+01  -0.158861488086E+00
0.172745432304E+01  -0.119637151250E+00
0.173250608917E+01  -0.797232136852E-01
0.173755785530E+01  -0.393424017808E-01
0.174260962144E+01  0.127217446597E-02
0.174766138757E+01  0.418785302320E-01
0.175271315370E+01  0.822274479406E-01
0.175776491983E+01  0.122064246345E+00
0.176281668596E+01  0.161130668520E+00
0.176786845210E+01  0.199166877799E+00
0.177292021823E+01  0.235913547170E+00
0.177797198436E+01  0.271114023820E+00
0.178302375049E+01  0.304516547165E+00
0.178807551663E+01  0.335876496108E+00
0.179312728276E+01  0.364958639953E+00
0.179817904889E+01  0.391539367371E+00
0.180323081502E+01  0.415408868880E+00
0.180828258115E+01  0.436373250155E+00
0.181333434729E+01  0.454256555573E+00
0.181838611342E+01  0.468902683227E+00
0.182343787955E+01  0.480177173830E+00
0.182848964568E+01  0.487968856382E+00
0.183354141182E+01  0.492191333100E+00
0.183859317795E+01  0.492784285422E+00
0.184364494408E+01  0.489714582169E+00
0.184869671021E+01  0.482977170773E+00
0.185374847634E+01  0.472595733227E+00
0.185880024248E+01  0.458623090372E+00
0.186385200861E+01  0.441141341220E+00
0.186890377474E+01  0.420261728128E+00
0.187395554087E+01  0.396124223241E+00
0.187900730701E+01  0.368896836268E+00
0.188405907314E+01  0.338774647910E+00
0.188911083927E+01  0.305978576632E+00
0.189416260540E+01  0.270753888966E+00
0.189921437153E+01  0.233368465086E+00
0.190426613767E+01  0.194110832384E+00
0.190931790380E+01  0.153287980506E+00
0.191436966993E+01  0.111222972304E+00
0.191942143606E+01  0.682523666488E-01
0.192447320220E+01  0.247234713327E-01
0.192952496833E+01  -0.190085527988E-01
0.193457673446E+01  -0.625837119103E-01
0.193962850059E+01  -0.105640295417E+00
0.194468026672E+01  -0.147818057305E+00
0.194973203286E+01  -0.188761429174E+00
0.195478379899E+01  -0.228122730487E+00
0.195983556512E+01  -0.265565341558E+00
0.196488733125E+01  -0.300766805904E+00
0.196993909739E+01  -0.333421830510E+00
0.197499086352E+01  -0.363245154883E+00
0.198004262965E+01  -0.389974262020E+00
0.198509439578E+01  -0.413371906449E+00
0.199014616191E+01  -0.433228435903E+00
0.199519792805E+01  -0.449363884243E+00
0.200024969418E+01  -0.461629813885E+00
0.200530146031E+01  -0.469910886799E+00
0.201035322644E+01  -0.474126144246E+00
0.201540499258E+01  -0.474229977310E+00
0.202045675871E+01  -0.470212773060E+00
0.202550852484E+01  -0.462101224852E+00
0.203056029097E+01  -0.449958299713E+00
0.203561205710E+01  -0.433882860635E+00
0.204066382324E+01  -0.414008946461E+00
0.204571558937E+01  -0.390504716616E+00
0.205076735550E+01  -0.363571071819E+00
0.205581912163E+01  -0.333439964981E+00
0.206087088777E+01  -0.300372418864E+00
0.206592265390E+01  -0.264656268773E+00
0.207097442003E+01  -0.226603650012E+00
0.207602618616E+01  -0.186548251304E+00
0.208107795229E+01  -0.144842357072E+00
0.208612971843E+01  -0.101853703621E+00
0.209118148456E+01  -0.579621767886E-01
0.209623325069E+01  -0.135563813432E-01
0.210128501682E+01  0.309698849304E-01
0.210633678296E+01  0.752212172836E-01
0.211138854909E+01  0.118804213526E+00
0.211644031522E+01  0.161331069778E+00
0.212149208135E+01  0.202423125679E+00
0.212654384748E+01  0.241714323608E+00
0.213159561362E+01  0.278854548568E+00
0.213664737975E+01  0.313512817765E+00
0.214169914588E+01  0.345380291435E+00
0.214675091201E+01  0.374173078739E+00
0.215180267815E+01  0.399634814513E+00
0.215685444428E+01  0.421538984282E+00
0.216190621041E+01  0.439690976409E+00
0.216695797654E+01  0.453929841729E+00
0.217200974267E+01  0.464129742891E+00
0.217706150881E+01  0.470201077964E+00
0.218211327494E+01  0.472091265987E+00
0.218716504107E+01  0.469785185850E+00
0.219221680720E+01  0.463305264207E+00
0.219726857334E+01  0.452711212645E+00
0.220232033947E+01  0.438099418848E+00
0.220737210560E+01  0.419602000660E+00
0.221242387173E+01  0.397385535489E+00
0.221747563786E+01  0.371649480368E+00
0.222252740400E+01  0.342624300195E+00
0.222757917013E+01  0.310569323334E+00
0.223263093626E+01  0.275770345118E+00
0.223768270239E+01  0.238537001179E+00
0.224273446853E+01  0.199199933982E+00
0.224778623466E+01  0.158107777735E+00
0.225283800079E+01  0.115623988887E+00
0.225788976692E+01  0.721235515497E-01
0.226294153305E+01  0.279895892317E-01
0.226799329919E+01  -0.163900840802E-01
0.227304506532E+01  -0.606264394351E-01
0.227809683145E+01  -0.104332700739E+00
0.228314859758E+01  -0.147127771208E+00
0.228820036372E+01  -0.188639586141E+00
0.229325212985E+01  -0.228508361665E+00
0.229830389598E+01  -0.266389711326E+00
0.230335566211E+01  -0.301957604757E+00
0.230840742824E+01  -0.334907144752E+00
0.231345919438E+01  -0.364957140991E+00
0.231851096051E+01  -0.391852460229E+00
0.232356272664E+01  -0.415366134200E+00
0.232861449277E+01  -0.435301207908E+00
0.233366625891E+01  -0.451492312707E+00
0.233871802504E+01  -0.463806950598E+00
0.234376979117E+01  -0.472146478875E+00
0.234882155730E+01  -0.476446787335E+00
0.235387332343E+01  -0.476678663880E+00
0.235892508957E+01  -0.472847848103E+00
0.236397685570E+01  -0.464994776178E+00
0.236902862183E+01  -0.453194023828E+00
0.237408038796E+01  -0.437553457143E+00
0.237913215410E+01  -0.418213103392E+00
0.238418392023E+01  -0.395343755874E+00
0.238923568636E+01  -0.369145328236E+00
0.239428745249E+01  -0.339844974899E+00
0.239933921862E+01  -0.307694995289E+00
0.240439098476E+01  -0.272970540847E+00
0.240944275089E+01  -0.235967145184E+00
0.241449451702E+01  -0.196998099375E+00
0.241954628315E+01  -0.156391696107E+00
0.242459804929E+01  -0.114488368055E+00
0.242964981542E+01  -0.716377471959E-01
0.243470158155E+01  -0.281956726783E-01
0.243975334768E+01  0.154788248634E-01
0.244480511381E+01  0.590265350063E-01
0.244985687995E+01  0.102091048656E+00
0.245490864608E+01  0.144321683365E+00
0.245996041221E+01  0.185376329266E+00
0.246501217834E+01  0.224924193706E+00
0.247006394448E+01  0.262648424207E+00
0.247511571061E+01  0.298248590747E+00
0.248016747674E+01  0.331443009457E+00
0.248521924287E+01  0.361970890863E+00
0.249027100900E+01  0.389594296801E+00
0.249532277514E+01  0.414099891349E+00
0.250037454127E+01  0.435300472645E+00
0.250542630740E+01  0.453036274376E+00
0.251047807353E+01  0.467176028085E+00
0.251552983967E+01  0.477617780080E+00
0.252058160580E+01  0.484289459567E+00
0.252563337193E+01  0.487149197430E+00
0.253068513806E+01  0.486185397700E+00
0.253573690419E+01  0.481416565981E+00
0.254078867033E+01  0.472890900993E+00
0.254584043646E+01  0.460685656815E+00
0.255089220259E+01  0.444906284582E+00
0.255594396872E+01  0.425685363376E+00
0.256099573486E+01  0.403181331037E+00
0.256604750099E+01  0.377577026705E+00
0.257109926712E+01  0.349078058177E+00
0.257615103325E+01  0.317911008641E+00
0.258120279938E+01  0.284321498833E+00
0.258625456552E+01  0.248572122223E+00
0.259130633165E+01  0.210940272074E+00
0.259635809778E+01  0.171715880201E+00
0.260140986391E+01  0.131199087735E+00
0.260646163005E+01  0.896978682256E-01
0.261151339618E+01  0.475256230201E-01
0.261656516231E+01  0.499876812131E-02
0.262161692844E+01  -0.375656691414E-01
0.262666869457E+01  -0.798524262187E-01
0.263172046071E+01  -0.121550337613E+00
0.263677222684E+01  -0.162354607343E+00
0.264182399297E+01  -0.201969006121E+00
0.264687575910E+01  -0.240107978144E+00
0.265192752524E+01  -0.276498642838E+00
0.265697929137E+01  -0.310882677468E+00
0.266203105750E+01  -0.343018067368E+00
0.266708282363E+01  -0.372680711737E+00
0.267213458976E+01  -0.399665874463E+00
0.267718635590E+01  -0.423789471189E+00
0.268223812203E+01  -0.444889185820E+00
0.268728988816E+01  -0.462825411555E+00
0.269234165429E+01  -0.477482013393E+00
0.269739342043E+01  -0.488766910619E+00
0.270244518656E+01  -0.496612479093E+00
0.270749695269E+01  -0.500975774222E+00
0.271254871882E+01  -0.501838576330E+00
0.271760048495E+01  -0.499207260931E+00
0.272265225109E+01  -0.493112497219E+00
0.272770401722E+01  -0.483608778977E+00
0.273275578335E+01  -0.470773793265E+00
0.273780754948E+01  -0.454707633446E+00
0.274285931562E+01  -0.435531864524E+00
0.274791108175E+01  -0.413388450104E+00
0.275296284788E+01  -0.388438551519E+00
0.275801461401E+01  -0.360861210709E+00
0.276306638014E+01  -0.330851929096E+00
0.276811814628E+01  -0.298621155118E+00
0.277316991241E+01  -0.264392693144E+00
0.277822167854E+01  -0.228402046378E+00
0.278327344467E+01  -0.190894706103E+00
0.278832521081E+01  -0.152124399397E+00
0.279337697694E+01  -0.112351307264E+00
0.279842874307E+01  -0.718402651019E-01
0.280348050920E+01  -0.308589574764E-01
0.280853227533E+01  0.103238806955E-01
0.281358404147E+01  0.514402443719E-01
0.281863580760E+01  0.922246078725E-01
0.282368757373E+01  0.132415631725E+00
0.282873933986E+01  0.171757815474E+00
0.283379110600E+01  0.210003085794E+00
0.283884287213E+01  0.246912310232E+00
0.284389463826E+01  0.282256727957E+00
0.284894640439E+01  0.315819290041E+00
0.285399817052E+01  0.347395902814E+00
0.285904993666E+01  0.376796568758E+00
0.286410170279E+01  0.403846420176E+00
0.286915346892E+01  0.428386641443E+00
0.287420523505E+01  0.450275276193E+00
0.287925700119E+01  0.469387916288E+00
0.288430876732E+01  0.485618269961E+00
0.288936053345E+01  0.498878607232E+00
0.289441229958E+01  0.509100081519E+00
0.289946406571E+01  0.516232927331E+00
0.290451583185E+01  0.520246535022E+00
0.290956759798E+01  0.521129404646E+00
0.291461936411E+01  0.518888981963E+00
0.291967113024E+01  0.513551380561E+00
0.292472289638E+01  0.505160994699E+00
0.292977466251E+01  0.493780008005E+00
0.293482642864E+01  0.479487803477E+00
0.293987819477E+01  0.462380280434E+00
0.294492996090E+01  0.442569084246E+00
0.294998172704E+01  0.420180754827E+00
0.295503349317E+01  0.395355800166E+00
0.296008525930E+01  0.368247701480E+00
0.296513702543E+01  0.339021857009E+00
0.297018879157E+01  0.307854471918E+00
0.297524055770E+01  0.274931402168E+00
0.298029232383E+01  0.240446960564E+00
0.298534408996E+01  0.204602693318E+00
0.299039585609E+01  0.167606135476E+00
0.299544762223E+01  0.129669553383E+00
0.300049938836E+01  0.910086820179E-01
0.300555115449E+01  0.518414646483E-01
0.301060292062E+01  0.123868018266E-01
0.301565468676E+01  -0.271366836405E-01
0.302070645289E+01  -0.665118594290E-01
0.302575821902E+01  -0.105524268054E+00
0.303080998515E+01  -0.143963276931E+00
0.303586175128E+01  -0.181623188361E+00
0.304091351742E+01  -0.218304303846E+00
0.304596528355E+01  -0.253813937359E+00
0.305101704968E+01  -0.287967372547E+00
0.305606881581E+01  -0.320588759326E+00
0.306112058195E+01  -0.351511945870E+00
0.306617234808E+01  -0.380581242646E+00
0.307122411421E+01  -0.407652115803E+00
0.307627588034E+01  -0.432591807858E+00
0.308132764647E+01  -0.455279884162E+00
0.308637941261E+01  -0.475608704121E+00
0.309143117874E+01  -0.493483816502E+00
0.309648294487E+01  -0.508824278472E+00
0.310153471100E+01  -0.521562898288E+00
0.310658647714E+01  -0.531646401815E+00
0.311163824327E+01  -0.539035523381E+00
0.311669000940E+01  -0.543705021829E+00
0.312174177553E+01  -0.545643623055E+00
0.312679354166E+01  -0.544853890795E+00
0.313184530780E+01  -0.541352027885E+00
0.313689707393E+01  -0.535167610681E+00
0.314194884006E+01  -0.526343259707E+00
0.314700060619E+01  -0.514934249878E+00
0.315205237233E+01  -0.501008063906E+00
0.315710413846E+01  -0.484643892572E+00
0.316215590459E+01  -0.465932085654E+00
0.316720767072E+01  -0.444973557341E+00
0.317225943685E+01  -0.421879149994E+00
0.317731120299E+01  -0.396768960220E+00
0.318236296912E+01  -0.369771631291E+00
0.318741473525E+01  -0.341023616081E+00
0.319246650138E+01  -0.310668414839E+00
0.319751826751E+01  -0.278855792193E+00
0.320257003365E+01  -0.245740977874E+00
0.320762179978E+01  -0.211483855627E+00
0.321267356591E+01  -0.176248144742E+00
0.321772533204E+01  -0.140200578460E+00
0.322277709818E+01  -0.103510083384E+00
0.322782886431E+01  -0.663469637977E-01
0.323288063044E+01  -0.288820946142E-01
0.323793239657E+01  0.871387349885E-02
0.324298416270E+01  0.462712934189E-01
0.324803592884E+01  0.836222820166E-01
0.325308769497E+01  0.120601458591E+00
0.325813946110E+01  0.157046658253E+00
0.326319122723E+01  0.192799617377E+00
0.326824299337E+01  0.227706628420E+00
0.327329475950E+01  0.261619161657E+00
0.327834652563E+01  0.294394451646E+00
0.328339829176E+01  0.325896046524E+00
0.328845005789E+01  0.355994318536E+00
0.329350182403E+01  0.384566934458E+00
0.329855359016E+01  0.411499284821E+00
0.330360535629E+01  0.436684871025E+00
0.330865712242E+01  0.460025649623E+00
0.331370888856E+01  0.481432333184E+00
0.331876065469E+01  0.500824647312E+00
0.332381242082E+01  0.518131543574E+00
0.332886418695E+01  0.533291368285E+00
0.333391595308E+01  0.546251987346E+00
0.333896771922E+01  0.556970867599E+00
0.334401948535E+01  0.565415115398E+00
0.334907125148E+01  0.571561473362E+00
0.335412301761E+01  0.575396276464E+00
0.335917478375E+01  0.576915368754E+00
0.336422654988E+01  0.576123982121E+00
0.336927831601E+01  0.573036578534E+00
0.337433008214E+01  0.567676657235E+00
0.337938184827E+01  0.560076528406E+00
0.338443361441E+01  0.550277054857E+00
0.338948538054E+01  0.538327363407E+00
0.339453714667E+01  0.524284527762E+00
0.339958891280E+01  0.508213224833E+00
0.340464067894E+01  0.490185366662E+00
0.340969244507E+01  0.470279710191E+00
0.341474421120E+01  0.448581447280E+00
0.341979597733E+01  0.425181777350E+00
0.342484774346E+01  0.400177464994E+00
0.342989950960E+01  0.373670384808E+00
0.343495127573E+01  0.345767055524E+00
0.344000304186E+01  0.316578165419E+00
0.344505480799E+01  0.286218090843E+00
0.345010657413E+01  0.254804409677E+00
0.345515834026E+01  0.222457411546E+00
0.346021010639E+01  0.189299606672E+00
0.346526187252E+01  0.155455235370E+00
0.347031363865E+01  0.121049780261E+00
0.347536540479E+01  0.862094833372E-01
0.348041717092E+01  0.510608699663E-01
0.348546893705E+01  0.157302818123E-01
0.349052070318E+01  -0.196565795504E-01
0.349557246932E+01  -0.549750968169E-01
0.350062423545E+01  -0.901021676729E-01
0.350567600158E+01  -0.124916621045E+00
0.351072776771E+01  -0.159299618033E+00
0.351577953384E+01  -0.193135036761E+00
0.352083129998E+01  -0.226309840358E+00
0.352588306611E+01  -0.258714427204E+00
0.353093483224E+01  -0.290242962490E+00
0.353598659837E+01  -0.320793690018E+00
0.354103836451E+01  -0.350269223197E+00
0.354609013064E+01  -0.378576814245E+00
0.355114189677E+01  -0.405628600822E+00
0.355619366290E+01  -0.431341829567E+00
0.356124542903E+01  -0.455639056355E+00
0.356629719517E+01  -0.478448323394E+00
0.357134896130E+01  -0.499703313509E+00
0.357640072743E+01  -0.519343482123E+00
0.358145249356E+01  -0.537314167463E+00
0.358650425970E+01  -0.553566679408E+00
0.359155602583E+01  -0.568058367250E+00
0.359660779196E+01  -0.580752666470E+00
0.360165955809E+01  -0.591619124481E+00
0.360671132422E+01  -0.600633405256E+00
0.361176309036E+01  -0.607777272864E+00
0.361681485649E+01  -0.613038554118E+00
0.362186662262E+01  -0.616411080855E+00
0.362691838875E+01  -0.617894612692E+00
0.363197015489E+01  -0.617494741389E+00
0.363702192102E+01  -0.615222778146E+00
0.364207368715E+01  -0.611095625248E+00
0.364712545328E+01  -0.605135633336E+00
0.365217721941E+01  -0.597370445445E+00
0.365722898555E+01  -0.587832828602E+00
0.366228075168E+01  -0.576560493576E+00
0.366733251781E+01  -0.563595903121E+00
0.367238428394E+01  -0.548986069014E+00
0.367743605008E+01  -0.532782338257E+00
0.368248781621E+01  -0.515040169043E+00
0.368753958234E+01  -0.495818897362E+00
0.369259134847E+01  -0.475181495504E+00
0.369764311460E+01  -0.453194323916E+00
0.370269488074E+01  -0.429926878061E+00
0.370774664687E+01  -0.405451531876E+00
0.371279841300E+01  -0.379843279231E+00
0.371785017913E+01  -0.353179474501E+00
0.372290194527E+01  -0.325539572944E+00
0.372795371140E+01  -0.297004871281E+00
0.373300547753E+01  -0.267658248594E+00
0.373805724366E+01  -0.237583907603E+00
0.374310900979E+01  -0.206867116473E+00
0.374816077593E+01  -0.175593951558E+00
0.375321254206E+01  -0.143851041822E+00
0.375826430819E+01  -0.111725316010E+00
0.376331607432E+01  -0.793037539222E-01
0.376836784046E+01  -0.466731431942E-01
0.377341960659E+01  -0.139198429204E-01
0.377847137272E+01  0.188704448319E-01
0.378352313885E+01  0.516128949802E-01
0.378857490498E+01  0.842237706573E-01
0.379362667112E+01  0.116620625906E+00
0.379867843725E+01  0.148722500274E+00
0.380373020338E+01  0.180450105790E+00
0.380878196951E+01  0.211726006660E+00
0.381383373565E+01  0.242474791694E+00
0.381888550178E+01  0.272623239080E+00
0.382393726791E+01  0.302100472781E+00
0.382898903404E+01  0.330838109517E+00
0.383404080017E+01  0.358770395296E+00
0.383909256631E+01  0.385834330566E+00
0.384414433244E+01  0.411969783445E+00
0.384919609857E+01  0.437119590917E+00
0.385424786470E+01  0.461229648408E+00
0.385929963084E+01  0.484248988525E+00
0.386435139697E+01  0.506129849976E+00
0.386940316310E+01  0.526827737656E+00
0.387445492923E+01  0.546301474685E+00
0.387950669536E+01  0.564513246740E+00
0.388455846150E+01  0.581428638602E+00
0.388961022763E+01  0.597016662387E+00
0.389466199376E+01  0.611249776688E+00
0.389971375989E+01  0.624103895822E+00
0.390476552603E+01  0.635558388577E+00
0.390981729216E+01  0.645596066253E+00
0.391486905829E+01  0.654203160342E+00
0.391992082442E+01  0.661369290668E+00
0.392497259055E+01  0.667087425231E+00
0.393002435669E+01  0.671353833135E+00
0.393507612282E+01  0.674168031924E+00
0.394012788895E+01  0.675532730291E+00
0.394517965508E+01  0.675453766656E+00
0.395023142122E+01  0.673940043556E+00
0.395528318735E+01  0.671003457344E+00
0.396033495348E+01  0.666658822438E+00
0.396538671961E+01  0.660923789342E+00
0.397043848574E+01  0.653818755954E+00
0.397549025188E+01  0.645366772132E+00
0.398054201801E+01  0.635593438058E+00
0.398559378414E+01  0.624526797484E+00
0.399064555027E+01  0.612197227311E+00
0.399569731641E+01  0.598637325049E+00
0.400074908254E+01  0.583881795557E+00
0.400580084867E+01  0.567967338018E+00
0.401085261480E+01  0.550932533528E+00
0.401590438093E+01  0.532817733073E+00
0.402095614707E+01  0.513664945210E+00
0.402600791320E+01  0.493517722497E+00
0.403105967933E+01  0.472421045790E+00
0.403611144546E+01  0.450421205854E+00
0.404116321160E+01  0.427565682287E+00
0.404621497773E+01  0.403903020376E+00
0.405126674386E+01  0.379482707055E+00
0.405631850999E+01  0.354355047480E+00
0.406137027612E+01  0.328571043804E+00
0.406642204226E+01  0.302182277438E+00
0.407147380839E+01  0.275240795604E+00
0.407652557452E+01  0.247799002296E+00
0.408157734065E+01  0.219909553130E+00
0.408662910679E+01  0.191625253079E+00
0.409168087292E+01  0.162998955873E+00
0.409673263905E+01  0.134083463985E+00
0.410178440518E+01  0.104931428533E+00
0.410683617131E+01  0.755952490656E-01
0.411188793745E+01  0.461269738694E-01
0.411693970358E+01  0.165782020224E-01
0.412199146971E+01  -0.130000112864E-01
0.412704323584E+01  -0.425572446481E-01
0.413209500198E+01  -0.720437943708E-01
0.413714676811E+01  -0.101410751910E+00
0.414219853424E+01  -0.130610074970E+00
0.414725030037E+01  -0.159594653132E+00
0.415230206650E+01  -0.188318369358E+00
0.415735383264E+01  -0.216736158837E+00
0.416240559877E+01  -0.244804066464E+00
0.416745736490E+01  -0.272479303695E+00
0.417250913103E+01  -0.299720304817E+00
0.417756089717E+01  -0.326486781935E+00
0.418261266330E+01  -0.352739777391E+00
0.418766442943E+01  -0.378441712067E+00
0.419271619556E+01  -0.403556428086E+00
0.419776796169E+01  -0.428049224888E+00
0.420281972783E+01  -0.451886888349E+00
0.420787149396E+01  -0.475037713431E+00
0.421292326009E+01  -0.497471521515E+00
0.421797502622E+01  -0.519159674060E+00
0.422302679236E+01  -0.540075084280E+00
0.422807855849E+01  -0.560192228239E+00
0.423313032462E+01  -0.579487156128E+00
0.423818209075E+01  -0.597937503680E+00
0.424323385688E+01  -0.615522502903E+00
0.424828562302E+01  -0.632222990727E+00
0.425333738915E+01  -0.648021413923E+00
0.425838915528E+01  -0.662901828825E+00
0.426344092141E+01  -0.676849894937E+00
0.426849268755E+01  -0.689852862292E+00
0.427354445368E+01  -0.701899553299E+00
0.427859621981E+01  -0.712980340504E+00
0.428364798594E+01  -0.723087122154E+00
0.428869975207E+01  -0.732213297370E+00
0.429375151821E+01  -0.740353742396E+00
0.429880328434E+01  -0.747504788593E+00
0.430385505047E+01  -0.753664201987E+00
0.430890681660E+01  -0.758831163349E+00
0.431395858274E+01  -0.763006247210E+00
0.431901034887E+01  -0.766191398047E+00
0.432406211500E+01  -0.768389902139E+00
0.432911388113E+01  -0.769606354265E+00
0.433416564726E+01  -0.769846619264E+00
0.433921741340E+01  -0.769117789438E+00
0.434426917953E+01  -0.767428139462E+00
0.434932094566E+01  -0.764787080831E+00
0.435437271179E+01  -0.761205117781E+00
0.435942447793E+01  -0.756693806081E+00
0.436447624406E+01  -0.751265715235E+00
0.436952801019E+01  -0.744934393673E+00
0.437457977632E+01  -0.737714335651E+00
0.437963154245E+01  -0.729620948034E+00
0.438468330859E+01  -0.720670515044E+00
0.438973507472E+01  -0.710880159437E+00
0.439478684085E+01  -0.700267799341E+00
0.439983860698E+01  -0.688852100966E+00
0.440489037312E+01  -0.676652428360E+00
0.440994213925E+01  -0.663688792102E+00
0.441499390538E+01  -0.649981799104E+00
0.442004567151E+01  -0.635552605489E+00
0.442509743764E+01  -0.620422873855E+00
0.443014920378E+01  -0.604614735285E+00
0.443520096991E+01  -0.588150755373E+00
0.444025273604E+01  -0.571053902737E+00
0.444530450217E+01  -0.553347517905E+00
0.445035626831E+01  -0.535055280542E+00
0.445540803444E+01  -0.516201173417E+00
0.446045980057E+01  -0.496809442460E+00
0.446551156670E+01  -0.476904553297E+00
0.447056333283E+01  -0.456511145667E+00
0.447561509897E+01  -0.435653987822E+00
0.448066686510E+01  -0.414357933206E+00
0.448571863123E+01  -0.392647881392E+00
0.449077039736E+01  -0.370548744475E+00
0.449582216350E+01  -0.348085419019E+00
0.450087392963E+01  -0.325282762568E+00
0.450592569576E+01  -0.302165572838E+00
0.451097746189E+01  -0.278758567284E+00
0.451602922802E+01  -0.255086360827E+00
0.452108099416E+01  -0.231173440174E+00
0.452613276029E+01  -0.207044134193E+00
0.453118452642E+01  -0.182722580962E+00
0.453623629255E+01  -0.158232693142E+00
0.454128805869E+01  -0.133598123995E+00
0.454633982482E+01  -0.108842236468E+00
0.455139159095E+01  -0.839880773184E-01
0.455644335708E+01  -0.590583573193E-01
0.456149512321E+01  -0.340754373929E-01
0.456654688935E+01  -0.906131936399E-02
0.457159865548E+01  0.159623608552E-01
0.457665042161E+01  0.409743401958E-01
0.458170218774E+01  0.659537377869E-01
0.458675395388E+01  0.908800682609E-01
0.459180572001E+01  0.115733259379E+00
0.459685748614E+01  0.140493673094E+00
0.460190925227E+01  0.165142128114E+00
0.460696101840E+01  0.189659921419E+00
0.461201278454E+01  0.214028846191E+00
0.461706455067E+01  0.238231204198E+00
0.462211631680E+01  0.262249811784E+00
0.462716808293E+01  0.286067999867E+00
0.463221984907E+01  0.309669609619E+00
0.463727161520E+01  0.333038986290E+00
0.464232338133E+01  0.356160973959E+00
0.464737514746E+01  0.379020913569E+00
0.465242691359E+01  0.401604645696E+00
0.465747867973E+01  0.423898518199E+00
0.466253044586E+01  0.445889397555E+00
0.466758221199E+01  0.467564681639E+00
0.467263397812E+01  0.488912311155E+00
0.467768574425E+01  0.509920777057E+00
0.468273751039E+01  0.530579122069E+00
0.468778927652E+01  0.550876935606E+00
0.469284104265E+01  0.570804342866E+00
0.469789280878E+01  0.590351990037E+00
0.470294457492E+01  0.609511028453E+00
0.470799634105E+01  0.628273100610E+00
0.471304810718E+01  0.646630330473E+00
0.471809987331E+01  0.664575319363E+00
0.472315163944E+01  0.682101147308E+00
0.472820340558E+01  0.699201378321E+00
0.473325517171E+01  0.715870067021E+00
0.473830693784E+01  0.732101763563E+00
0.474335870397E+01  0.747891514108E+00
0.474841047011E+01  0.763234855024E+00
0.475346223624E+01  0.778127800349E+00
0.475851400237E+01  0.792566823606E+00
0.476356576850E+01  0.806548836315E+00
0.476861753463E+01  0.820071166294E+00
0.477366930077E+01  0.833131538863E+00
0.477872106690E+01  0.845728063371E+00
0.478377283303E+01  0.857859226154E+00
0.478882459916E+01  0.869523889500E+00
0.479387636530E+01  0.880721294706E+00
0.479892813143E+01  0.891451066290E+00
0.480397989756E+01  0.901713214084E+00
0.480903166369E+01  0.911508130366E+00
0.481408342982E+01  0.920836580321E+00
0.481913519596E+01  0.929699685642E+00
0.482418696209E+01  0.938098902731E+00
0.482923872822E+01  0.946035998210E+00
0.483429049435E+01  0.953513025146E+00
0.483934226049E+01  0.960532303240E+00
0.484439402662E+01  0.967096405351E+00
0.484944579275E+01  0.973208151219E+00
0.485449755888E+01  0.978870607600E+00
0.485954932501E+01  0.984087092471E+00
0.486460109115E+01  0.988861179986E+00
0.486965285728E+01  0.993196702659E+00
0.487470462341E+01  0.997097747881E+00
0.487975638954E+01  0.100056864718E+01
0.488480815568E+01  0.100361395837E+01
0.488985992181E+01  0.100623844244E+01
0.489491168794E+01  0.100844703827E+01
0.489996345407E+01  0.101024483894E+01
0.490501522020E+01  0.101163707286E+01
0.491006698634E+01  0.101262909222E+01
0.491511875247E+01  0.101322636914E+01
0.492017051860E+01  0.101343449842E+01
0.492522228473E+01  0.101325920417E+01
0.493027405087E+01  0.101270634645E+01
0.493532581700E+01  0.101178192433E+01
0.494037758313E+01  0.101049207245E+01
0.494542934926E+01  0.100884304967E+01
0.495048111539E+01  0.100684122034E+01
0.495553288153E+01  0.100449303054E+01
0.496058464766E+01  0.100180498290E+01
0.496563641379E+01  0.998783613876E+00
0.497068817992E+01  0.995435477112E+00
0.497573994606E+01  0.991767135007E+00
0.498079171219E+01  0.987785158730E+00
0.498584347832E+01  0.983496135071E+00
0.499089524445E+01  0.978906676817E+00
0.499594701058E+01  0.974023432615E+00
0.500099877672E+01  0.968853092319E+00
0.500605054285E+01  0.963402384985E+00
0.501110230898E+01  0.957678068378E+00
0.501615407511E+01  0.951686910949E+00
0.502120584125E+01  0.945435669108E+00
0.502625760738E+01  0.938931063816E+00
0.503130937351E+01  0.932179760810E+00
0.503636113964E+01  0.925188358046E+00
0.504141290577E+01  0.917963382324E+00
0.504646467191E+01  0.910511295001E+00
0.505151643804E+01  0.902838504599E+00
0.505656820417E+01  0.894951382511E+00
0.506161997030E+01  0.886856277330E+00
0.506667173644E+01  0.878559523627E+00
0.507172350257E+01  0.870067442381E+00
0.507677526870E+01  0.861386332250E+00
0.508182703483E+01  0.852522453146E+00
0.508687880096E+01  0.843482005482E+00
0.509193056710E+01  0.834271109619E+00
0.509698233323E+01  0.824895790144E+00
0.510203409936E+01  0.815361968601E+00
0.510708586549E+01  0.805675466440E+00
0.511213763163E+01  0.795842017620E+00
0.511718939776E+01  0.785867288102E+00
0.512224116389E+01  0.775756897886E+00
0.512729293002E+01  0.765516440654E+00
0.513234469615E+01  0.755151496686E+00
0.513739646229E+01  0.744667636331E+00
0.514244822842E+01  0.734070413595E+00
0.514749999455E+01  0.723365351836E+00
0.515255176068E+01  0.712557925535E+00
0.515760352682E+01  0.701653543156E+00
0.516265529295E+01  0.690657536022E+00
0.516770705908E+01  0.679575156795E+00
0.517275882521E+01  0.668411589033E+00
0.517781059134E+01  0.657171966694E+00
0.518286235748E+01  0.645861400171E+00
0.518791412361E+01  0.634485003859E+00
0.519296588974E+01  0.623047919857E+00
0.519801765587E+01  0.611555333300E+00
0.520306942201E+01  0.600012476715E+00
0.520812118814E+01  0.588424623400E+00
0.521317295427E+01  0.576797072420E+00
0.521822472040E+01  0.565135129817E+00
0.522327648653E+01  0.553444091604E+00
0.522832825267E+01  0.541729233692E+00
0.523338001880E+01  0.529995812348E+00
0.523843178493E+01  0.518249076212E+00
0.524348355106E+01  0.506494288190E+00
0.524853531720E+01  0.494736753014E+00
0.525358708333E+01  0.482981844848E+00
0.525863884946E+01  0.471235029067E+00
0.526369061559E+01  0.459501873568E+00
0.526874238172E+01  0.447788047254E+00
0.527379414786E+01  0.436099306218E+00
0.527884591399E+01  0.424441470959E+00
0.528389768012E+01  0.412820399985E+00
0.528894944625E+01  0.401241965951E+00
0.529400121239E+01  0.389712039838E+00
0.529905297852E+01  0.378236486659E+00
0.530410474465E+01  0.366821173353E+00
0.530915651078E+01  0.355471986460E+00
0.531420827691E+01  0.344194854655E+00
0.531926004305E+01  0.332995769776E+00
0.532431180918E+01  0.321880800094E+00
0.532936357531E+01  0.310856091114E+00
0.533441534144E+01  0.299927851904E+00
0.533946710758E+01  0.289102328179E+00
0.534451887371E+01  0.278385766352E+00
0.534957063984E+01  0.267784374812E+00
0.535462240597E+01  0.257304289264E+00
0.535967417210E+01  0.246951547985E+00
0.536472593824E+01  0.236732080424E+00
0.536977770437E+01  0.226651709307E+00
0.537482947050E+01  0.216716163124E+00
0.537988123663E+01  0.206931093170E+00
0.538493300277E+01  0.197302088101E+00
0.538998476890E+01  0.187834679277E+00
0.539503653503E+01  0.178534332215E+00
0.540008830116E+01  0.169406422588E+00
0.540514006729E+01  0.160456198832E+00
0.541019183343E+01  0.151688736591E+00
0.541524359956E+01  0.143108892258E+00
0.542029536569E+01  0.134721263206E+00
0.542534713182E+01  0.126530160891E+00
0.543039889796E+01  0.118539600090E+00
0.543545066409E+01  0.110753303842E+00
0.544050243022E+01  0.103174719994E+00
0.544555419635E+01  0.958070425439E-01
0.545060596248E+01  0.886532298152E-01
0.545565772862E+01  0.817160122615E-01
0.546070949475E+01  0.749978851729E-01
0.546576126088E+01  0.685010852434E-01
0.547081302701E+01  0.622275539552E-01
0.547586479315E+01  0.561788941359E-01
0.548091655928E+01  0.503563280066E-01
0.548596832541E+01  0.447606650815E-01
0.549102009154E+01  0.393922863515E-01
0.549607185767E+01  0.342511477049E-01
0.550112362381E+01  0.293368012966E-01
0.550617538994E+01  0.246484295781E-01
0.551122715607E+01  0.201848838746E-01
0.551627892220E+01  0.159447184521E-01
0.552133068834E+01  0.119262122091E-01
0.552638245447E+01  0.812737320700E-02
0.553143422060E+01  0.454592553585E-02
0.553648598673E+01  0.117928249689E-02
0.554153775286E+01  -0.197548628699E-02
0.554658951900E+01  -0.492168433004E-02
0.555164128513E+01  -0.766300513820E-02
0.555669305126E+01  -0.102035298079E-01
0.556174481739E+01  -0.125477028805E-01
0.556679658353E+01  -0.147002888167E-01
0.557184834966E+01  -0.166663158630E-01
0.557690011579E+01  -0.184510169925E-01
0.558195188192E+01  -0.200597782925E-01
0.558700364805E+01  -0.214981034339E-01
0.559205541419E+01  -0.227715990459E-01
0.559710718032E+01  -0.238859808051E-01
0.560215894645E+01  -0.248470949778E-01
0.560721071258E+01  -0.256609462442E-01
0.561226247872E+01  -0.263337208307E-01
0.561731424485E+01  -0.268717947537E-01
0.562236601098E+01  -0.272817202233E-01
0.562741777711E+01  -0.275701882384E-01
0.563246954324E+01  -0.277439710042E-01
0.563752130938E+01  -0.278098526904E-01
0.564257307551E+01  -0.277745600598E-01
0.564762484164E+01  -0.276447048624E-01
0.565267660777E+01  -0.274267474705E-01
0.565772837391E+01  -0.271269865154E-01
0.566278014004E+01  -0.267515733510E-01
0.566783190617E+01  -0.263065443748E-01
0.567288367230E+01  -0.257978599690E-01
0.567793543843E+01  -0.252314371289E-01
0.568298720457E+01  -0.246131641825E-01
0.568803897070E+01  -0.239488901519E-01
0.569309073683E+01  -0.232443873354E-01
0.569814250296E+01  -0.225052922323E-01
0.570319426910E+01  -0.217370354524E-01
0.570824603523E+01  -0.209447744029E-01
0.571329780136E+01  -0.201333425281E-01
0.571834956749E+01  -0.193072255942E-01
0.572340133362E+01  -0.184705696532E-01
0.572845309976E+01  -0.176272181953E-01
0.573350486589E+01  -0.167807692571E-01
0.573855663202E+01  -0.159346384994E-01
0.574360839815E+01  -0.150921126814E-01
0.574866016429E+01  -0.142563800120E-01
0.575371193042E+01  -0.134305291730E-01
0.575876369655E+01  -0.126175162240E-01
0.576381546268E+01  -0.118201064298E-01
0.576886722881E+01  -0.110408044577E-01
0.577391899495E+01  -0.102817898067E-01
0.577897076108E+01  -0.954487386593E-02
0.578402252721E+01  -0.883149061488E-02
0.578907429334E+01  -0.814272560082E-02
0.579412605948E+01  -0.747937908120E-02
0.579917782561E+01  -0.684205113066E-02
0.580422959174E+01  -0.623123100712E-02
0.580928135787E+01  -0.564737154046E-02
0.581433312400E+01  -0.509093225209E-02
0.581938489014E+01  -0.456238180204E-02
0.582443665627E+01  -0.406215971211E-02
0.582948842240E+01  -0.359060702126E-02
0.583454018853E+01  -0.314788331879E-02
0.583959195467E+01  -0.273389156885E-02
0.584464372080E+01  -0.234823120348E-02
0.584969548693E+01  -0.199019414802E-02
0.585474725306E+01  -0.165880892122E-02
0.585979901919E+01  -0.135292680714E-02
0.586485078533E+01  -0.107133387190E-02
0.586990255146E+01  -0.812865732261E-03
0.587495431759E+01  -0.576500225972E-03
0.588000608372E+01  -0.361407121041E-03
0.588505784986E+01  -0.166943057508E-03
0.589010961599E+01  0.740784344340E-05
0.589516138212E+01  0.162134547913E-03
0.590021314825E+01  0.297817439214E-03
0.590526491438E+01  0.415235693977E-03
0.591031668052E+01  0.515436121464E-03
0.591536844665E+01  0.599743501565E-03
0.592042021278E+01  0.669705124271E-03
0.592547197891E+01  0.726977281889E-03
0.593052374505E+01  0.773175550918E-03
0.593557551118E+01  0.809720533248E-03
0.594062727731E+01  0.837713821940E-03
0.594567904344E+01  0.857874237676E-03
0.595073080957E+01  0.870552488698E-03
0.595578257571E+01  0.875825635995E-03
0.596083434184E+01  0.873654613331E-03
0.596588610797E+01  0.864072566822E-03
0.597093787410E+01  0.847362571493E-03
0.597598964024E+01  0.824182780017E-03
0.598104140637E+01  0.795605890849E-03
0.598609317250E+01  0.763056594964E-03
0.599114493863E+01  0.728152163348E-03
0.599619670476E+01  0.692473161106E-03
0.600124847090E+01  0.657308708401E-03
0.600630023703E+01  0.623429745810E-03
0.601135200316E+01  0.590941989733E-03
0.601640376929E+01  0.559257449235E-03
0.602145553543E+01  0.527201608500E-03
0.602650730156E+01  0.493246723448E-03
0.603155906769E+01  0.455835401388E-03
0.603661083382E+01  0.413738137606E-03
0.604166259995E+01  0.366378207154E-03
0.604671436609E+01  0.314059765268E-03
