0.100000000000E+01  -0.370462142357E-08
0.100505176613E+01  -0.461725516435E-08
0.101010353226E+01  -0.579698820858E-08
0.101515529840E+01  -0.735441840302E-08
0.102020706453E+01  -0.941051701193E-08
0.102525883066E+01  -0.120950977334E-07
0.103031059679E+01  -0.155502469131E-07
0.103536236293E+01  -0.199393719220E-07
0.104041412906E+01  -0.254614915635E-07
0.104546589519E+01  -0.323695237964E-07
0.105051766132E+01  -0.409908267964E-07
0.105556942745E+01  -0.517482919920E-07
0.106062119359E+01  -0.651808376780E-07
0.106567295972E+01  -0.819631215598E-07
0.107072472585E+01  -0.102925471773E-06
0.107577649198E+01  -0.129076124283E-06
0.108082825812E+01  -0.161628698053E-06
0.108588002425E+01  -0.202038146193E-06
0.109093179038E+01  -0.252048264828E-06
0.109598355651E+01  -0.313753204576E-06
0.110103532264E+01  -0.389674568350E-06
0.110608708878E+01  -0.482854822664E-06
0.111113885491E+01  -0.596967185088E-06
0.111619062104E+01  -0.736442091274E-06
0.112124238717E+01  -0.906610880310E-06
0.112629415331E+01  -0.111386845418E-05
0.113134591944E+01  -0.136585818690E-05
0.113639768557E+01  -0.167168403965E-05
0.114144945170E+01  -0.204215637871E-05
0.114650121783E+01  -0.249007915246E-05
0.115155298397E+01  -0.303058670521E-05
0.115660475010E+01  -0.368153858231E-05
0.116165651623E+01  -0.446398032766E-05
0.116670828236E+01  -0.540267776179E-05
0.117176004850E+01  -0.652673184734E-05
0.117681181463E+01  -0.787028130710E-05
0.118186358076E+01  -0.947330086891E-05
0.118691534689E+01  -0.113825044442E-04
0.119196711302E+01  -0.136523646251E-04
0.119701887916E+01  -0.163462623856E-04
0.120207064529E+01  -0.195377834690E-04
0.120712241142E+01  -0.233121802944E-04
0.121217417755E+01  -0.277680200675E-04
0.121722594369E+01  -0.330190409143E-04
0.122227770982E+01  -0.391962383740E-04
0.122732947595E+01  -0.464502045786E-04
0.123238124208E+01  -0.549537422569E-04
0.123743300821E+01  -0.649047756825E-04
0.124248477435E+01  -0.765295811531E-04
0.124753654048E+01  -0.900863606963E-04
0.125258830661E+01  -0.105869184609E-03
0.125764007274E+01  -0.124212330817E-03
0.126269183888E+01  -0.145495051716E-03
0.126774360501E+01  -0.170146801637E-03
0.127279537114E+01  -0.198652959870E-03
0.127784713727E+01  -0.231561085126E-03
0.128289890340E+01  -0.269487736972E-03
0.128795066954E+01  -0.313125898385E-03
0.129300243567E+01  -0.363253031193E-03
0.129805420180E+01  -0.420739793264E-03
0.130310596793E+01  -0.486559443184E-03
0.130815773407E+01  -0.561797955223E-03
0.131320950020E+01  -0.647664864866E-03
0.131826126633E+01  -0.745504862866E-03
0.132331303246E+01  -0.856810153725E-03
0.132836479859E+01  -0.983233591874E-03
0.133341656473E+01  -0.112660260539E-02
0.133846833086E+01  -0.128893391209E-02
0.134352009699E+01  -0.147244902590E-02
0.134857186312E+01  -0.167959054228E-02
0.135362362926E+01  -0.191303918071E-02
0.135867539539E+01  -0.217573154902E-02
0.136372716152E+01  -0.247087858113E-02
0.136877892765E+01  -0.280198458513E-02
0.137383069378E+01  -0.317286682519E-02
0.137888245992E+01  -0.358767554721E-02
0.138393422605E+01  -0.405091434632E-02
0.138898599218E+01  -0.456746076256E-02
0.139403775831E+01  -0.514258698050E-02
0.139908952445E+01  -0.578198049683E-02
0.140414129058E+01  -0.649176460850E-02
0.140919305671E+01  -0.727851855978E-02
0.141424482284E+01  -0.814929717202E-02
0.141929658897E+01  -0.911164976207E-02
0.142434835511E+01  -0.101736381371E-01
0.142940012124E+01  -0.113438534337E-01
0.143445188737E+01  -0.126314315492E-01
0.143950365350E+01  -0.140460668952E-01
0.144455541964E+01  -0.155980241834E-01
0.144960718577E+01  -0.172981479417E-01
0.145465895190E+01  -0.191578694440E-01
0.145971071803E+01  -0.211892107261E-01
0.146476248416E+01  -0.234047853558E-01
0.146981425030E+01  -0.258177956182E-01
0.147486601643E+01  -0.284420257755E-01
0.147991778256E+01  -0.312918310609E-01
0.148496954869E+01  -0.343821220712E-01
0.149002131483E+01  -0.377283442244E-01
0.149507308096E+01  -0.413464519633E-01
0.150012484709E+01  -0.452528773961E-01
0.150517661322E+01  -0.494644930839E-01
0.151022837935E+01  -0.539985687063E-01
0.151528014549E+01  -0.588727213628E-01
0.152033191162E+01  -0.641048592929E-01
0.152538367775E+01  -0.697131188326E-01
0.153043544388E+01  -0.757157944541E-01
0.153548721002E+01  -0.821312617682E-01
0.154053897615E+01  -0.889778934075E-01
0.154559074228E+01  -0.962739677379E-01
0.155064250841E+01  -0.104037570390E+00
0.155569427454E+01  -0.112286488645E+00
0.156074604068E+01  -0.121038098751E+00
0.156579780681E+01  -0.130309246324E+00
0.157084957294E+01  -0.140116120030E+00
0.157590133907E+01  -0.150474118849E+00
0.158095310521E+01  -0.161397713293E+00
0.158600487134E+01  -0.172900301061E+00
0.159105663747E+01  -0.184994057695E+00
0.159610840360E+01  -0.197689782946E+00
0.160116016973E+01  -0.210996743596E+00
0.160621193587E+01  -0.224922513645E+00
0.161126370200E+01  -0.239472812788E+00
0.161631546813E+01  -0.254651344216E+00
0.162136723426E+01  -0.270459632807E+00
0.162641900040E+01  -0.286896864794E+00
0.163147076653E+01  -0.303959730055E+00
0.163652253266E+01  -0.321642268139E+00
0.164157429879E+01  -0.339935719179E+00
0.164662606492E+01  -0.358828380834E+00
0.165167783106E+01  -0.378305472413E+00
0.165672959719E+01  -0.398349007360E+00
0.166178136332E+01  -0.418937675267E+00
0.166683312945E+01  -0.440046734670E+00
0.167188489559E+01  -0.461647917842E+00
0.167693666172E+01  -0.483709348899E+00
0.168198842785E+01  -0.506195476504E+00
0.168704019398E+01  -0.529067022510E+00
0.169209196011E+01  -0.552280947860E+00
0.169714372625E+01  -0.575790437031E+00
0.170219549238E+01  -0.599544902284E+00
0.170724725851E+01  -0.623490008849E+00
0.171229902464E+01  -0.647567722122E+00
0.171735079078E+01  -0.671716377746E+00
0.172240255691E+01  -0.695870775338E+00
0.172745432304E+01  -0.719962296383E+00
0.173250608917E+01  -0.743919046676E+00
0.173755785530E+01  -0.767666023432E+00
0.174260962144E+01  -0.791125307039E+00
0.174766138757E+01  -0.814216277190E+00
0.175271315370E+01  -0.836855853007E+00
0.175776491983E+01  -0.858958756564E+00
0.176281668596E+01  -0.880437799132E+00
0.176786845210E+01  -0.901204189296E+00
0.177292021823E+01  -0.921167862051E+00
0.177797198436E+01  -0.940237827826E+00
0.178302375049E+01  -0.958322540336E+00
0.178807551663E+01  -0.975330282014E+00
0.179312728276E+01  -0.991169565699E+00
0.179817904889E+01  -0.100574955107E+01
0.180323081502E+01  -0.101898047418E+01
0.180828258115E+01  -0.103077408824E+01
0.181333434729E+01  -0.104104411367E+01
0.181838611342E+01  -0.104970669508E+01
0.182343787955E+01  -0.105668086285E+01
0.182848964568E+01  -0.106188899657E+01
0.183354141182E+01  -0.106525728762E+01
0.183859317795E+01  -0.106671619801E+01
0.184364494408E+01  -0.106620091233E+01
0.184869671021E+01  -0.106365178001E+01
0.185374847634E+01  -0.105901474478E+01
0.185880024248E+01  -0.105224175834E+01
0.186385200861E+01  -0.104329117563E+01
0.186890377474E+01  -0.103212812886E+01
0.187395554087E+01  -0.101872487774E+01
0.187900730701E+01  -0.100306113369E+01
0.188405907314E+01  -0.985124355686E+00
0.188911083927E+01  -0.964910015633E+00
0.189416260540E+01  -0.942421831407E+00
0.189921437153E+01  -0.917671965617E+00
0.190426613767E+01  -0.890681188405E+00
0.190931790380E+01  -0.861479002636E+00
0.191436966993E+01  -0.830103729977E+00
0.191942143606E+01  -0.796602556485E+00
0.192447320220E+01  -0.761031536530E+00
0.192952496833E+01  -0.723455554020E+00
0.193457673446E+01  -0.683948240190E+00
0.193962850059E+01  -0.642591847430E+00
0.194468026672E+01  -0.599477078959E+00
0.194973203286E+01  -0.554702874447E+00
0.195478379899E+01  -0.508376151999E+00
0.195983556512E+01  -0.460611507263E+00
0.196488733125E+01  -0.411530870714E+00
0.196993909739E+01  -0.361263124465E+00
0.197499086352E+01  -0.309943680217E+00
0.198004262965E+01  -0.257714020207E+00
0.198509439578E+01  -0.204721203221E+00
0.199014616191E+01  -0.151117337920E+00
0.199519792805E+01  -0.970590258771E-01
0.200024969418E+01  -0.427067769094E-01
0.200530146031E+01  0.117756006302E-01
0.201035322644E+01  0.662216317623E-01
0.201540499258E+01  0.120462826050E+00
0.202045675871E+01  0.174329344951E+00
0.202550852484E+01  0.227650682154E+00
0.203056029097E+01  0.280256353591E+00
0.203561205710E+01  0.331976593691E+00
0.204066382324E+01  0.382643054379E+00
0.204571558937E+01  0.432089503227E+00
0.205076735550E+01  0.480152517162E+00
0.205581912163E+01  0.526672168094E+00
0.206087088777E+01  0.571492696907E+00
0.206592265390E+01  0.614463172294E+00
0.207097442003E+01  0.655438131033E+00
0.207602618616E+01  0.694278196463E+00
0.208107795229E+01  0.730850672045E+00
0.208612971843E+01  0.765030107103E+00
0.209118148456E+01  0.796698832011E+00
0.209623325069E+01  0.825747460310E+00
0.210128501682E+01  0.852075355405E+00
0.210633678296E+01  0.875591059700E+00
0.211138854909E+01  0.896212684215E+00
0.211644031522E+01  0.913868256917E+00
0.212149208135E+01  0.928496028165E+00
0.212654384748E+01  0.940044731884E+00
0.213159561362E+01  0.948473801287E+00
0.213664737975E+01  0.953753538160E+00
0.214169914588E+01  0.955865234986E+00
0.214675091201E+01  0.954801249424E+00
0.215180267815E+01  0.950565030932E+00
0.215685444428E+01  0.943171099598E+00
0.216190621041E+01  0.932644977537E+00
0.216695797654E+01  0.919023073482E+00
0.217200974267E+01  0.902352521486E+00
0.217706150881E+01  0.882690974893E+00
0.218211327494E+01  0.860106356995E+00
0.218716504107E+01  0.834676569987E+00
0.219221680720E+01  0.806489164027E+00
0.219726857334E+01  0.775640968369E+00
0.220232033947E+01  0.742237686690E+00
0.220737210560E+01  0.706393458821E+00
0.221242387173E+01  0.668230391245E+00
0.221747563786E+01  0.627878058782E+00
0.222252740400E+01  0.585472979992E+00
0.222757917013E+01  0.541158068910E+00
0.223263093626E+01  0.495082065797E+00
0.223768270239E+01  0.447398949677E+00
0.224273446853E+01  0.398267335486E+00
0.224778623466E+01  0.347849858721E+00
0.225283800079E+01  0.296312550501E+00
0.225788976692E+01  0.243824206000E+00
0.226294153305E+01  0.190555749174E+00
0.226799329919E+01  0.136679596715E+00
0.227304506532E+01  0.823690240962E-01
0.227809683145E+01  0.277975365024E-01
0.228314859758E+01  -0.268617526256E-01
0.228820036372E+01  -0.814367328437E-01
0.229325212985E+01  -0.135756895260E+00
0.229830389598E+01  -0.189653916039E+00
0.230335566211E+01  -0.242962222636E+00
0.230840742824E+01  -0.295519540670E+00
0.231345919438E+01  -0.347167419510E+00
0.231851096051E+01  -0.397751734744E+00
0.232356272664E+01  -0.447123165898E+00
0.232861449277E+01  -0.495137647848E+00
0.233366625891E+01  -0.541656794563E+00
0.233871802504E+01  -0.586548293926E+00
0.234376979117E+01  -0.629686272542E+00
0.234882155730E+01  -0.670951629602E+00
0.235387332343E+01  -0.710232339012E+00
0.235892508957E+01  -0.747423719181E+00
0.236397685570E+01  -0.782428670037E+00
0.236902862183E+01  -0.815157876980E+00
0.237408038796E+01  -0.845529981703E+00
0.237913215410E+01  -0.873471719936E+00
0.238418392023E+01  -0.898918026379E+00
0.238923568636E+01  -0.921812107190E+00
0.239428745249E+01  -0.942105480599E+00
0.239933921862E+01  -0.959757986297E+00
0.240439098476E+01  -0.974737764396E+00
0.240944275089E+01  -0.987021204855E+00
0.241449451702E+01  -0.996592868339E+00
0.241954628315E+01  -0.100344537960E+01
0.242459804929E+01  -0.100757929446E+01
0.242964981542E+01  -0.100900294172E+01
0.243470158155E+01  -0.100773224106E+01
0.243975334768E+01  -0.100379049845E+01
0.244480511381E+01  -0.997208180378E+00
0.244985687995E+01  -0.988022668275E+00
0.245490864608E+01  -0.976277994723E+00
0.245996041221E+01  -0.962024562916E+00
0.246501217834E+01  -0.945318850979E+00
0.247006394448E+01  -0.926223102724E+00
0.247511571061E+01  -0.904805006484E+00
0.248016747674E+01  -0.881137363640E+00
0.248521924287E+01  -0.855297748464E+00
0.249027100900E+01  -0.827368160874E+00
0.249532277514E+01  -0.797434673689E+00
0.250037454127E+01  -0.765587075889E+00
0.250542630740E+01  -0.731918513386E+00
0.251047807353E+01  -0.696525128727E+00
0.251552983967E+01  -0.659505701104E+00
0.252058160580E+01  -0.620961287984E+00
0.252563337193E+01  -0.580994869623E+00
0.253068513806E+01  -0.539710997653E+00
0.253573690419E+01  -0.497215448891E+00
0.254078867033E+01  -0.453614885437E+00
0.254584043646E+01  -0.409016522103E+00
0.255089220259E+01  -0.363527802117E+00
0.255594396872E+01  -0.317256082019E+00
0.256099573486E+01  -0.270308326583E+00
0.256604750099E+01  -0.222790814531E+00
0.257109926712E+01  -0.174808855758E+00
0.257615103325E+01  -0.126466520683E+00
0.258120279938E+01  -0.778663822888E-01
0.258625456552E+01  -0.291092713427E-01
0.259130633165E+01  0.197059548211E-01
0.259635809778E+01  0.684826296056E-01
0.260140986391E+01  0.117126480302E+00
0.260646163005E+01  0.165545816899E+00
0.261151339618E+01  0.213651706432E+00
0.261656516231E+01  0.261358132831E+00
0.262161692844E+01  0.308582142256E+00
0.262666869457E+01  0.355243973988E+00
0.263172046071E+01  0.401267176987E+00
0.263677222684E+01  0.446578712254E+00
0.264182399297E+01  0.491109041202E+00
0.264687575910E+01  0.534792200270E+00
0.265192752524E+01  0.577565862029E+00
0.265697929137E+01  0.619371383119E+00
0.266203105750E+01  0.660153839333E+00
0.266708282363E+01  0.699862048240E+00
0.267213458976E+01  0.738448579754E+00
0.267718635590E+01  0.775869755105E+00
0.268223812203E+01  0.812085634680E+00
0.268728988816E+01  0.847059995248E+00
0.269234165429E+01  0.880760297086E+00
0.269739342043E+01  0.913157641569E+00
0.270244518656E+01  0.944226719764E+00
0.270749695269E+01  0.973945752612E+00
0.271254871882E+01  0.100229642325E+01
0.271760048495E+01  0.102926380206E+01
0.272265225109E+01  0.105483626495E+01
0.272770401722E+01  0.107900540555E+01
0.273275578335E+01  0.110176594162E+01
0.273780754948E+01  0.112311561653E+01
0.274285931562E+01  0.114305509599E+01
0.274791108175E+01  0.116158786082E+01
0.275296284788E+01  0.117872009609E+01
0.275801461401E+01  0.119446057715E+01
0.276306638014E+01  0.120882055316E+01
0.276811814628E+01  0.122181362837E+01
0.277316991241E+01  0.123345564188E+01
0.277822167854E+01  0.124376454607E+01
0.278327344467E+01  0.125276028442E+01
0.278832521081E+01  0.126046466890E+01
0.279337697694E+01  0.126690125751E+01
0.279842874307E+01  0.127209523230E+01
0.280348050920E+01  0.127607327825E+01
0.280853227533E+01  0.127886346331E+01
0.281358404147E+01  0.128049512006E+01
0.281863580760E+01  0.128099872908E+01
0.282368757373E+01  0.128040580445E+01
0.282873933986E+01  0.127874878159E+01
0.283379110600E+01  0.127606090762E+01
0.283884287213E+01  0.127237613444E+01
0.284389463826E+01  0.126772901469E+01
0.284894640439E+01  0.126215460084E+01
0.285399817052E+01  0.125568834741E+01
0.285904993666E+01  0.124836601648E+01
0.286410170279E+01  0.124022358669E+01
0.286915346892E+01  0.123129716574E+01
0.287420523505E+01  0.122162290646E+01
0.287925700119E+01  0.121123692662E+01
0.288430876732E+01  0.120017523248E+01
0.288936053345E+01  0.118847364610E+01
0.289441229958E+01  0.117616773656E+01
0.289946406571E+01  0.116329275499E+01
0.290451583185E+01  0.114988357349E+01
0.290956759798E+01  0.113597462791E+01
0.291461936411E+01  0.112159986441E+01
0.291967113024E+01  0.110679268987E+01
0.292472289638E+01  0.109158592597E+01
0.292977466251E+01  0.107601176695E+01
0.293482642864E+01  0.106010174092E+01
0.293987819477E+01  0.104388667466E+01
0.294492996090E+01  0.102739666185E+01
0.294998172704E+01  0.101066103450E+01
0.295503349317E+01  0.993708337684E+00
0.296008525930E+01  0.976566307256E+00
0.296513702543E+01  0.959261850661E+00
0.297018879157E+01  0.941821030565E+00
0.297524055770E+01  0.924269051293E+00
0.298029232383E+01  0.906630247961E+00
0.298534408996E+01  0.888928078171E+00
0.299039585609E+01  0.871185116197E+00
0.299544762223E+01  0.853423049517E+00
0.300049938836E+01  0.835662677614E+00
0.300555115449E+01  0.817923912915E+00
0.301060292062E+01  0.800225783749E+00
0.301565468676E+01  0.782586439228E+00
0.302070645289E+01  0.765023155906E+00
0.302575821902E+01  0.747552346121E+00
0.303080998515E+01  0.730189567889E+00
0.303586175128E+01  0.712949536230E+00
0.304091351742E+01  0.695846135824E+00
0.304596528355E+01  0.678892434867E+00
0.305101704968E+01  0.662100700035E+00
0.305606881581E+01  0.645482412443E+00
0.306112058195E+01  0.629048284498E+00
0.306617234808E+01  0.612808277563E+00
0.307122411421E+01  0.596771620333E+00
0.307627588034E+01  0.580946827848E+00
0.308132764647E+01  0.565341721057E+00
0.308637941261E+01  0.549963446866E+00
0.309143117874E+01  0.534818498589E+00
0.309648294487E+01  0.519912736740E+00
0.310153471100E+01  0.505251410090E+00
0.310658647714E+01  0.490839176929E+00
0.311163824327E+01  0.476680126466E+00
0.311669000940E+01  0.462777800305E+00
0.312174177553E+01  0.449135213932E+00
0.312679354166E+01  0.435754878163E+00
0.313184530780E+01  0.422638820494E+00
0.313689707393E+01  0.409788606304E+00
0.314194884006E+01  0.397205359865E+00
0.314700060619E+01  0.384889785121E+00
0.315205237233E+01  0.372842186189E+00
0.315710413846E+01  0.361062487561E+00
0.316215590459E+01  0.349550253961E+00
0.316720767072E+01  0.338304709849E+00
0.317225943685E+01  0.327324758530E+00
0.317731120299E+01  0.316609000852E+00
0.318236296912E+01  0.306155753487E+00
0.318741473525E+01  0.295963066750E+00
0.319246650138E+01  0.286028741973E+00
0.319751826751E+01  0.276350348396E+00
0.320257003365E+01  0.266925239578E+00
0.320762179978E+01  0.257750569317E+00
0.321267356591E+01  0.248823307070E+00
0.321772533204E+01  0.240140252864E+00
0.322277709818E+01  0.231698051702E+00
0.322782886431E+01  0.223493207453E+00
0.323288063044E+01  0.215522096231E+00
0.323793239657E+01  0.207780979250E+00
0.324298416270E+01  0.200266015170E+00
0.324803592884E+01  0.192973271927E+00
0.325308769497E+01  0.185898738050E+00
0.325813946110E+01  0.179038333470E+00
0.326319122723E+01  0.172387919832E+00
0.326824299337E+01  0.165943310315E+00
0.327329475950E+01  0.159700278964E+00
0.327834652563E+01  0.153654569556E+00
0.328339829176E+01  0.147801903996E+00
0.328845005789E+01  0.142137990269E+00
0.329350182403E+01  0.136658529948E+00
0.329855359016E+01  0.131359225280E+00
0.330360535629E+01  0.126235785841E+00
0.330865712242E+01  0.121283934801E+00
0.331370888856E+01  0.116499414779E+00
0.331876065469E+01  0.111877993320E+00
0.332381242082E+01  0.107415467997E+00
0.332886418695E+01  0.103107671147E+00
0.333391595308E+01  0.989504742588E-01
0.333896771922E+01  0.949397920298E-01
0.334401948535E+01  0.910715860873E-01
0.334907125148E+01  0.873418684064E-01
0.335412301761E+01  0.837467044276E-01
0.335917478375E+01  0.802822158881E-01
0.336422654988E+01  0.769445833807E-01
0.336927831601E+01  0.737300486508E-01
0.337433008214E+01  0.706349166423E-01
0.337938184827E+01  0.676555573058E-01
0.338443361441E+01  0.647884071778E-01
0.338948538054E+01  0.620299707428E-01
0.339453714667E+01  0.593768215893E-01
0.339958891280E+01  0.568256033720E-01
0.340464067894E+01  0.543730305884E-01
0.340969244507E+01  0.520158891846E-01
0.341474421120E+01  0.497510369974E-01
0.341979597733E+01  0.475754040454E-01
0.342484774346E+01  0.454859926768E-01
0.342989950960E+01  0.434798775837E-01
0.343495127573E+01  0.415542056905E-01
0.344000304186E+01  0.397061959246E-01
0.344505480799E+01  0.379331388759E-01
0.345010657413E+01  0.362323963533E-01
0.345515834026E+01  0.346014008447E-01
0.346021010639E+01  0.330376548887E-01
0.346526187252E+01  0.315387303638E-01
0.347031363865E+01  0.301022677048E-01
0.347536540479E+01  0.287259750513E-01
0.348041717092E+01  0.274076273373E-01
0.348546893705E+01  0.261450653259E-01
0.349052070318E+01  0.249361945976E-01
0.349557246932E+01  0.237789844941E-01
0.350062423545E+01  0.226714670255E-01
0.350567600158E+01  0.216117357414E-01
0.351072776771E+01  0.205979445731E-01
0.351577953384E+01  0.196283066473E-01
0.352083129998E+01  0.187010930782E-01
0.352588306611E+01  0.178146317389E-01
0.353093483224E+01  0.169673060185E-01
0.353598659837E+01  0.161575535673E-01
0.354103836451E+01  0.153838650346E-01
0.354609013064E+01  0.146447828032E-01
0.355114189677E+01  0.139388997216E-01
0.355619366290E+01  0.132648578399E-01
0.356124542903E+01  0.126213471482E-01
0.356629719517E+01  0.120071043212E-01
0.357134896130E+01  0.114209114697E-01
0.357640072743E+01  0.108615948995E-01
0.358145249356E+01  0.103280238809E-01
0.358650425970E+01  0.981910942767E-02
0.359155602583E+01  0.933380308938E-02
0.359660779196E+01  0.887109575730E-02
0.360165955809E+01  0.843001648659E-02
0.360671132422E+01  0.800963133617E-02
0.361176309036E+01  0.760904222800E-02
0.361681485649E+01  0.722738582674E-02
0.362186662262E+01  0.686383244070E-02
0.362691838875E+01  0.651758494422E-02
0.363197015489E+01  0.618787772163E-02
0.363702192102E+01  0.587397563237E-02
0.364207368715E+01  0.557517299720E-02
0.364712545328E+01  0.529079260529E-02
0.365217721941E+01  0.502018474242E-02
0.365722898555E+01  0.476272624063E-02
0.366228075168E+01  0.451781955000E-02
0.366733251781E+01  0.428489183326E-02
0.367238428394E+01  0.406339408396E-02
0.367743605008E+01  0.385280026868E-02
0.368248781621E+01  0.365260649342E-02
0.368753958234E+01  0.346233019407E-02
0.369259134847E+01  0.328150935034E-02
0.369764311460E+01  0.310970172236E-02
0.370269488074E+01  0.294648410917E-02
0.370774664687E+01  0.279145162811E-02
0.371279841300E+01  0.264421701458E-02
0.371785017913E+01  0.250440994187E-02
0.372290194527E+01  0.237167636082E-02
0.372795371140E+01  0.224567785972E-02
0.373300547753E+01  0.212609104458E-02
0.373805724366E+01  0.201260694014E-02
0.374310900979E+01  0.190493041160E-02
0.374816077593E+01  0.180277960694E-02
0.375321254206E+01  0.170588541927E-02
0.375826430819E+01  0.161399096831E-02
0.376331607432E+01  0.152685110007E-02
0.376836784046E+01  0.144423190364E-02
0.377341960659E+01  0.136591024408E-02
0.377847137272E+01  0.129167331077E-02
0.378352313885E+01  0.122131818072E-02
0.378857490498E+01  0.115465139683E-02
0.379362667112E+01  0.109148856112E-02
0.379867843725E+01  0.103165394318E-02
0.380373020338E+01  0.974980103993E-03
0.380878196951E+01  0.921307535196E-03
0.381383373565E+01  0.870484313293E-03
0.381888550178E+01  0.822365768403E-03
0.382393726791E+01  0.776814166581E-03
0.382898903404E+01  0.733698404731E-03
0.383404080017E+01  0.692893717102E-03
0.383909256631E+01  0.654281392497E-03
0.384414433244E+01  0.617748501586E-03
0.384919609857E+01  0.583187634010E-03
0.385424786470E+01  0.550496645267E-03
0.385929963084E+01  0.519578413574E-03
0.386435139697E+01  0.490340606969E-03
0.386940316310E+01  0.462695460847E-03
0.387445492923E+01  0.436559565945E-03
0.387950669536E+01  0.411853666478E-03
0.388455846150E+01  0.388502467885E-03
0.388961022763E+01  0.366434453387E-03
0.389466199376E+01  0.345581708446E-03
0.389971375989E+01  0.325879752260E-03
0.390476552603E+01  0.307267375572E-03
0.390981729216E+01  0.289686484341E-03
0.391486905829E+01  0.273081949138E-03
0.391992082442E+01  0.257401460381E-03
0.392497259055E+01  0.242595389706E-03
0.393002435669E+01  0.228616657842E-03
0.393507612282E+01  0.215420609230E-03
0.394012788895E+01  0.202964893423E-03
0.394517965508E+01  0.191209353068E-03
0.395023142122E+01  0.180115917936E-03
0.395528318735E+01  0.169648504306E-03
0.396033495348E+01  0.159772918915E-03
0.396538671961E+01  0.150456766729E-03
0.397043848574E+01  0.141669361966E-03
0.397549025188E+01  0.133381642099E-03
0.398054201801E+01  0.125566084807E-03
0.398559378414E+01  0.118196628142E-03
0.399064555027E+01  0.111248594300E-03
0.399569731641E+01  0.104698617398E-03
0.400074908254E+01  0.985245755744E-04
0.400580084867E+01  0.927055274620E-04
0.401085261480E+01  0.872216528490E-04
0.401590438093E+01  0.820541970653E-04
0.402095614707E+01  0.771854184560E-04
0.402600791320E+01  0.725985382442E-04
0.403105967933E+01  0.682776921585E-04
0.403611144546E+01  0.642078833940E-04
0.404116321160E+01  0.603749367406E-04
0.404621497773E+01  0.567654539942E-04
0.405126674386E+01  0.533667709817E-04
0.405631850999E+01  0.501669166627E-04
0.406137027612E+01  0.471545747516E-04
0.406642204226E+01  0.443190481671E-04
0.407147380839E+01  0.416502263876E-04
0.407652557452E+01  0.391385555219E-04
0.408157734065E+01  0.367750106524E-04
0.408662910679E+01  0.345510698783E-04
0.409168087292E+01  0.324586894111E-04
0.409673263905E+01  0.304902792104E-04
0.410178440518E+01  0.286386788195E-04
0.410683617131E+01  0.268971333443E-04
0.411188793745E+01  0.252592697726E-04
0.411693970358E+01  0.237190740268E-04
0.412199146971E+01  0.222708692540E-04
0.412704323584E+01  0.209092957925E-04
0.413209500198E+01  0.196292931229E-04
0.413714676811E+01  0.184260838559E-04
0.414219853424E+01  0.172951595625E-04
0.414725030037E+01  0.162322680156E-04
0.415230206650E+01  0.152334012817E-04
0.415735383264E+01  0.142947841040E-04
0.416240559877E+01  0.134128621090E-04
0.416745736490E+01  0.125842896014E-04
0.417250913103E+01  0.118059169583E-04
0.417756089717E+01  0.110747778850E-04
0.418261266330E+01  0.103880769770E-04
0.418766442943E+01  0.974317807985E-05
0.419271619556E+01  0.913759389899E-05
0.419776796169E+01  0.856897712262E-05
0.420281972783E+01  0.803511309224E-05
0.420787149396E+01  0.753391379370E-05
0.421292326009E+01  0.706341274235E-05
0.421797502622E+01  0.662176023030E-05
0.422302679236E+01  0.620721840446E-05
0.422807855849E+01  0.581815579041E-05
0.423313032462E+01  0.545304108404E-05
0.423818209075E+01  0.511043629023E-05
0.424323385688E+01  0.478898952183E-05
0.424828562302E+01  0.448742791188E-05
0.425333738915E+01  0.420455114803E-05
0.425838915528E+01  0.393922603663E-05
0.426344092141E+01  0.369038233604E-05
0.426849268755E+01  0.345700984779E-05
0.427354445368E+01  0.323815651511E-05
0.427859621981E+01  0.303292709972E-05
0.428364798594E+01  0.284048191473E-05
0.428869975207E+01  0.266003513094E-05
0.429375151821E+01  0.249085232337E-05
0.429880328434E+01  0.233224714226E-05
0.430385505047E+01  0.218357724063E-05
0.430890681660E+01  0.204423980140E-05
0.431395858274E+01  0.191366713852E-05
0.431901034887E+01  0.179132285471E-05
0.432406211500E+01  0.167669893914E-05
0.432911388113E+01  0.156931399801E-05
0.433416564726E+01  0.146871256490E-05
0.433921741340E+01  0.137446521752E-05
0.434426917953E+01  0.128616905980E-05
0.434932094566E+01  0.120344806510E-05
0.435437271179E+01  0.112595284261E-05
0.435942447793E+01  0.105335953746E-05
0.436447624406E+01  0.985367808661E-06
0.436952801019E+01  0.921698055196E-06
0.437457977632E+01  0.862088272117E-06
0.437963154245E+01  0.806290995563E-06
0.438468330859E+01  0.754070810649E-06
0.438973507472E+01  0.705202766765E-06
0.439478684085E+01  0.659471839099E-06
0.439983860698E+01  0.616673358745E-06
0.440489037312E+01  0.576614087729E-06
0.440994213925E+01  0.539113518569E-06
0.441499390538E+01  0.504004895867E-06
0.442004567151E+01  0.471135565268E-06
0.442509743764E+01  0.440366412814E-06
0.443014920378E+01  0.411570379909E-06
0.443520096991E+01  0.384630277658E-06
0.444025273604E+01  0.359436280301E-06
0.444530450217E+01  0.335883571323E-06
0.445035626831E+01  0.313870581880E-06
0.445540803444E+01  0.293298123031E-06
0.446045980057E+01  0.274069513729E-06
0.446551156670E+01  0.256091568767E-06
0.447056333283E+01  0.239276131761E-06
0.447561509897E+01  0.223541693038E-06
0.448066686510E+01  0.208814639461E-06
0.448571863123E+01  0.195029768783E-06
0.449077039736E+01  0.182129877823E-06
0.449582216350E+01  0.170064463818E-06
0.450087392963E+01  0.158787784441E-06
0.450592569576E+01  0.148256677674E-06
0.451097746189E+01  0.138428605381E-06
0.451602922802E+01  0.129260324649E-06
0.452108099416E+01  0.120707452217E-06
0.452613276029E+01  0.112724974168E-06
0.453118452642E+01  0.105268534636E-06
0.453623629255E+01  0.982961575852E-07
0.454128805869E+01  0.917699559505E-07
0.454633982482E+01  0.856573914231E-07
0.455139159095E+01  0.799317589672E-07
0.455644335708E+01  0.745717525714E-07
0.456149512321E+01  0.695601895776E-07
0.456654688935E+01  0.648821741614E-07
0.457159865548E+01  0.605231055600E-07
0.457665042161E+01  0.564669783005E-07
0.458170218774E+01  0.526953519426E-07
0.458675395388E+01  0.491872078319E-07
0.459180572001E+01  0.459197030935E-07
0.459685748614E+01  0.428696246223E-07
0.460190925227E+01  0.400151725892E-07
0.460696101840E+01  0.373376468565E-07
0.461201278454E+01  0.348226153016E-07
0.461706455067E+01  0.324602814308E-07
0.462211631680E+01  0.302449543956E-07
0.462716808293E+01  0.281737367283E-07
0.463221984907E+01  0.262447330171E-07
0.463727161520E+01  0.244551882481E-07
0.464232338133E+01  0.227999890175E-07
0.464737514746E+01  0.212708666326E-07
0.465242691359E+01  0.198564773510E-07
0.465747867973E+01  0.185433306897E-07
0.466253044586E+01  0.173173305303E-07
0.466758221199E+01  0.161655646026E-07
0.467263397812E+01  0.150779020705E-07
0.467768574425E+01  0.140480266017E-07
0.468273751039E+01  0.130736531546E-07
0.468778927652E+01  0.121558771186E-07
0.469284104265E+01  0.112978064362E-07
0.469789280878E+01  0.105027997578E-07
0.470294457492E+01  0.977271891295E-08
0.470799634105E+01  0.910660643383E-08
0.471304810718E+01  0.850009068727E-08
0.471809987331E+01  0.794565322471E-08
0.472315163944E+01  0.743368748483E-08
0.472820340558E+01  0.695409152142E-08
0.473325517171E+01  0.649801618281E-08
0.473830693784E+01  0.605935114631E-08
0.474335870397E+01  0.563559846625E-08
0.474841047011E+01  0.522792914243E-08
0.475346223624E+01  0.484040799004E-08
0.475851400237E+01  0.447857420003E-08
0.476356576850E+01  0.414771075978E-08
0.476861753463E+01  0.385120853650E-08
0.477366930077E+01  0.358941229278E-08
0.477872106690E+01  0.335921238026E-08
0.478377283303E+01  0.315447469196E-08
0.478882459916E+01  0.296720140879E-08
0.479387636530E+01  0.278914740925E-08
0.479892813143E+01  0.261350271266E-08
0.480397989756E+01  0.243624869381E-08
0.480903166369E+01  0.225686647803E-08
0.481408342982E+01  0.207823171518E-08
0.481913519596E+01  0.190572566461E-08
0.482418696209E+01  0.174577266529E-08
0.482923872822E+01  0.160415249720E-08
0.483429049435E+01  0.148448304515E-08
0.483934226049E+01  0.138722930526E-08
0.484439402662E+01  0.130947174432E-08
0.484944579275E+01  0.124547988176E-08
0.485449755888E+01  0.118795572033E-08
0.485954932501E+01  0.112964733113E-08
0.486460109115E+01  0.106495174282E-08
0.486965285728E+01  0.991129513300E-09
0.487470462341E+01  0.908844038870E-09
0.487975638954E+01  0.821904994666E-09
0.488480815568E+01  0.736276178885E-09
0.488985992181E+01  0.658587372769E-09
0.489491168794E+01  0.594500131291E-09
0.489996345407E+01  0.547315960276E-09
0.490501522020E+01  0.517150217752E-09
0.491006698634E+01  0.500865433201E-09
0.491511875247E+01  0.492773026544E-09
0.492017051860E+01  0.485939516150E-09
0.492522228473E+01  0.473778208171E-09
0.493027405087E+01  0.451558471076E-09
0.493532581700E+01  0.417470854718E-09
0.494037758313E+01  0.373002550425E-09
0.494542934926E+01  0.322536397347E-09
0.495048111539E+01  0.272272386743E-09
0.495553288153E+01  0.228729405029E-09
0.496058464766E+01  0.197180392791E-09
0.496563641379E+01  0.180391346412E-09
0.497068817992E+01  0.177958896289E-09
0.497573994606E+01  0.186398440189E-09
0.498079171219E+01  0.199961703592E-09
0.498584347832E+01  0.211979970606E-09
0.499089524445E+01  0.216425148349E-09
0.499594701058E+01  0.209307305809E-09
0.500099877672E+01  0.189588700466E-09
0.500605054285E+01  0.159398917646E-09
0.501110230898E+01  0.123502549845E-09
0.501615407511E+01  0.881517422667E-10
0.502120584125E+01  0.595937808217E-10
0.502625760738E+01  0.425879740781E-10
0.503130937351E+01  0.392828806612E-10
0.503636113964E+01  0.487152017909E-10
0.504141290577E+01  0.670434324165E-10
0.504646467191E+01  0.884606848265E-10
0.505151643804E+01  0.106564856412E-09
0.505656820417E+01  0.115863211929E-09
0.506161997030E+01  0.113054301073E-09
0.506667173644E+01  0.977880251377E-10
0.507172350257E+01  0.727261272789E-10
0.507677526870E+01  0.428937903241E-10
0.508182703483E+01  0.144764845952E-10
0.508687880096E+01  -0.664567422546E-11
0.509193056710E+01  -0.162868094134E-10
0.509698233323E+01  -0.129363570842E-10
0.510203409936E+01  0.189718626713E-11
0.510708586549E+01  0.240541242214E-10
0.511213763163E+01  0.477160351820E-10
0.511718939776E+01  0.667831180358E-10
0.512224116389E+01  0.763088132411E-10
0.512729293002E+01  0.736567010741E-10
0.513234469615E+01  0.591059193073E-10
0.513739646229E+01  0.357659182459E-10
0.514244822842E+01  0.882596142384E-11
0.514749999455E+01  -0.156821050455E-10
0.515255176068E+01  -0.323106621300E-10
0.515760352682E+01  -0.374783744303E-10
0.516265529295E+01  -0.303049340390E-10
0.516770705908E+01  -0.128029343426E-10
0.517275882521E+01  0.106119218225E-10
0.517781059134E+01  0.341737327200E-10
0.518286235748E+01  0.521326281095E-10
0.518791412361E+01  0.601083386243E-10
0.519296588974E+01  0.561124360769E-10
0.519801765587E+01  0.410011815940E-10
0.520306942201E+01  0.182552816414E-10
0.520812118814E+01  -0.685792716017E-11
0.521317295427E+01  -0.285354686484E-10
0.521822472040E+01  -0.418128935256E-10
0.522327648653E+01  -0.437273828988E-10
0.522832825267E+01  -0.340043228836E-10
0.523338001880E+01  -0.151049779001E-10
0.523843178493E+01  0.837016746127E-11
0.524348355106E+01  0.307793265061E-10
0.524853531720E+01  0.467750077983E-10
0.525358708333E+01  0.525620993931E-10
0.525863884946E+01  0.467811068403E-10
0.526369061559E+01  0.308116850945E-10
0.526874238172E+01  0.842910206709E-11
0.527379414786E+01  -0.151022234059E-10
0.527884591399E+01  -0.342806862115E-10
0.528389768012E+01  -0.446641792039E-10
0.528894944625E+01  -0.439115100254E-10
0.529400121239E+01  -0.323187891205E-10
0.529905297852E+01  -0.127310732055E-10
0.530410474465E+01  0.101459096627E-10
0.530915651078E+01  0.308676404790E-10
0.531420827691E+01  0.445401828620E-10
0.531926004305E+01  0.479684427673E-10
0.532431180918E+01  0.403973790967E-10
0.532936357531E+01  0.236714691730E-10
0.533441534144E+01  0.177965530152E-11
0.533946710758E+01  -0.201001816382E-10
0.534451887371E+01  -0.368324314623E-10
0.534957063984E+01  -0.445330895359E-10
0.535462240597E+01  -0.414757733061E-10
0.535967417210E+01  -0.284821467998E-10
0.536472593824E+01  -0.870751164513E-11
0.536977770437E+01  0.131211398837E-10
0.537482947050E+01  0.318326613703E-10
0.537988123663E+01  0.430343657917E-10
0.538493300277E+01  0.441416850542E-10
0.538998476890E+01  0.349714127484E-10
0.539503653503E+01  0.177657512534E-10
0.540008830116E+01  -0.335813319165E-11
0.540514006729E+01  -0.233953002368E-10
0.541019183343E+01  -0.376399261717E-10
0.541524359956E+01  -0.427943796609E-10
0.542029536569E+01  -0.377329575719E-10
0.542534713182E+01  -0.237478440415E-10
0.543039889796E+01  -0.422293256558E-11
0.543545066409E+01  0.161853264503E-10
0.544050243022E+01  0.326560432478E-10
0.544555419635E+01  0.413441029101E-10
0.545060596248E+01  0.402776963897E-10
0.545565772862E+01  0.298050434203E-10
0.546070949475E+01  0.124891704465E-10
0.546576126088E+01  -0.751860319532E-11
0.547081302701E+01  -0.254752903491E-10
0.547586479315E+01  -0.371710863258E-10
0.548091655928E+01  -0.399163981279E-10
0.548596832541E+01  -0.331624034513E-10
0.549102009154E+01  -0.186057107693E-10
0.549607185767E+01  0.235599339341E-12
0.550112362381E+01  0.188727712639E-10
0.550617538994E+01  0.329185311648E-10
0.551122715607E+01  0.391190471724E-10
0.551627892220E+01  0.361114278547E-10
0.552133068834E+01  0.247224214763E-10
0.552638245447E+01  0.774686320064E-11
0.553143422060E+01  -0.107363893000E-10
0.553648598673E+01  -0.263435479607E-10
0.554153775286E+01  -0.354262355973E-10
0.554658951900E+01  -0.359233984040E-10
0.555164128513E+01  -0.278279517081E-10
0.555669305126E+01  -0.131608012809E-10
0.556174481739E+01  0.453455583017E-11
0.556679658353E+01  0.210505075447E-10
0.557184834966E+01  0.325199837688E-10
0.557690011579E+01  0.363264608126E-10
0.558195188192E+01  0.317036654446E-10
0.558700364805E+01  0.198907692450E-10
0.559205541419E+01  0.380735108858E-11
0.559710718032E+01  -0.126632636335E-10
0.560215894645E+01  -0.256084230679E-10
0.560721071258E+01  -0.320133089042E-10
0.561226247872E+01  -0.304601978910E-10
0.561731424485E+01  -0.214368578352E-10
0.562236601098E+01  -0.718818387689E-11
0.562741777711E+01  0.884830927000E-11
0.563246954324E+01  0.228790411049E-10
0.563752130938E+01  0.316613932454E-10
0.564257307551E+01  0.332631474912E-10
0.564762484164E+01  0.274954977556E-10
0.565267660777E+01  0.159231618376E-10
0.565772837391E+01  0.145649172978E-11
0.566278014004E+01  -0.123690572948E-10
0.566783190617E+01  -0.222473182400E-10
0.567288367230E+01  -0.258834931631E-10
0.567793543843E+01  -0.225175302408E-10
0.568298720457E+01  -0.130687418351E-10
0.568803897070E+01  0.125310165938E-12
0.569309073683E+01  0.139017625998E-10
0.569814250296E+01  0.250510643027E-10
0.570319426910E+01  0.310857817401E-10
0.570824603523E+01  0.308171583859E-10
0.571329780136E+01  0.246035096996E-10
0.571834956749E+01  0.142188166538E-10
0.572340133362E+01  0.238379781598E-11
0.572845309976E+01  -0.791919430912E-11
0.573350486589E+01  -0.141739200165E-10
0.573855663202E+01  -0.149223951252E-10
0.574360839815E+01  -0.100820744900E-10
0.574866016429E+01  -0.915935419329E-12
0.575371193042E+01  0.103246326610E-10
0.575876369655E+01  0.209883017417E-10
0.576381546268E+01  0.286884378661E-10
0.576886722881E+01  0.318790016511E-10
0.577391899495E+01  0.301996122850E-10
0.577897076108E+01  0.245116140560E-10
0.578402252721E+01  0.166260021053E-10
0.578907429334E+01  0.880345658646E-11
0.579412605948E+01  0.316027256321E-11
0.579917782561E+01  0.113590692186E-11
0.580422959174E+01  0.315861526561E-11
0.580928135787E+01  0.858624617157E-11
0.581433312400E+01  0.159313023709E-10
0.581938489014E+01  0.232992776802E-10
0.582443665627E+01  0.289161771040E-10
0.582948842240E+01  0.316022009772E-10
0.583454018853E+01  0.310597848212E-10
0.583959195467E+01  0.279049990008E-10
0.584464372080E+01  0.234364010118E-10
0.584969548693E+01  0.192122168076E-10
0.585474725306E+01  0.165587564496E-10
0.585979901919E+01  0.161546622184E-10
0.586485078533E+01  0.178125893980E-10
0.586990255146E+01  0.205268949568E-10
0.587495431759E+01  0.227776846148E-10
0.588000608372E+01  0.230074545857E-10
0.588505784986E+01  0.201310133888E-10
0.589010961599E+01  0.139224693103E-10
0.589516138212E+01  0.515277495782E-11
0.590021314825E+01  -0.458910614412E-11
0.590526491438E+01  -0.133604329964E-10
0.591031668052E+01  -0.195031468216E-10
0.591536844665E+01  -0.222795052958E-10
0.592042021278E+01  -0.223123638684E-10
0.592547197891E+01  -0.216720036799E-10
0.593052374505E+01  -0.235380629666E-10
0.593557551118E+01  -0.314771151015E-10
0.594062727731E+01  -0.484918486748E-10
0.594567904344E+01  -0.760828748924E-10
0.595073080957E+01  -0.113592227171E-09
0.595578257571E+01  -0.158057134221E-09
0.596083434184E+01  -0.204696068607E-09
0.596588610797E+01  -0.247994502078E-09
0.597093787410E+01  -0.283197501988E-09
0.597598964024E+01  -0.307877554683E-09
0.598104140637E+01  -0.323180187436E-09
0.598609317250E+01  -0.334372315317E-09
0.599114493863E+01  -0.350432218622E-09
0.599619670476E+01  -0.382621893862E-09
0.600124847090E+01  -0.442208702253E-09
0.600630023703E+01  -0.537732071760E-09
0.601135200316E+01  -0.672361378654E-09
0.601640376929E+01  -0.841946285925E-09
0.602145553543E+01  -0.103427763128E-08
0.602650730156E+01  -0.122987730585E-08
0.603155906769E+01  -0.140434445613E-08
0.603661083382E+01  -0.153196043799E-08
0.604166259995E+01  -0.158997233794E-08
0.604671436609E+01  -0.156278108882E-08
