0.100000000000E+01  -0.556289636337E-09
0.100505176613E+01  -0.649953386568E-09
0.101010353226E+01  -0.796539251790E-09
0.101515529840E+01  -0.102205629013E-08
0.102020706453E+01  -0.134974137088E-08
0.102525883066E+01  -0.179884746040E-08
0.103031059679E+01  -0.238552024847E-08
0.103536236293E+01  -0.312582580709E-08
0.104041412906E+01  -0.404052746417E-08
0.104546589519E+01  -0.516086968541E-08
0.105051766132E+01  -0.653444222391E-08
0.105556942745E+01  -0.823028122917E-08
0.106062119359E+01  -0.103426593807E-07
0.106567295972E+01  -0.129934599454E-07
0.107072472585E+01  -0.163335500991E-07
0.107577649198E+01  -0.205440225696E-07
0.108082825812E+01  -0.258384484906E-07
0.108588002425E+01  -0.324673628527E-07
0.109093179038E+01  -0.407260174792E-07
0.109598355651E+01  -0.509660655642E-07
0.110103532264E+01  -0.636113831906E-07
0.110608708878E+01  -0.791777892600E-07
0.111113885491E+01  -0.982961328486E-07
0.111619062104E+01  -0.121738152648E-06
0.112124238717E+01  -0.150444720382E-06
0.112629415331E+01  -0.185556522161E-06
0.113134591944E+01  -0.228447854231E-06
0.113639768557E+01  -0.280764838742E-06
0.114144945170E+01  -0.344469962854E-06
0.114650121783E+01  -0.421895186120E-06
0.115155298397E+01  -0.515806012195E-06
0.115660475010E+01  -0.629478759430E-06
0.116165651623E+01  -0.766792979421E-06
0.116670828236E+01  -0.932340563271E-06
0.117176004850E+01  -0.113155278323E-05
0.117681181463E+01  -0.137084638590E-05
0.118186358076E+01  -0.165779003303E-05
0.118691534689E+01  -0.200129288816E-05
0.119196711302E+01  -0.241181790193E-05
0.119701887916E+01  -0.290162330066E-05
0.120207064529E+01  -0.348503675718E-05
0.120712241142E+01  -0.417876759770E-05
0.121217417755E+01  -0.500226302178E-05
0.121722594369E+01  -0.597811469510E-05
0.122227770982E+01  -0.713252214720E-05
0.122732947595E+01  -0.849581931484E-05
0.123238124208E+01  -0.101030704505E-04
0.123743300821E+01  -0.119947415567E-04
0.124248477435E+01  -0.142174537792E-04
0.124753654048E+01  -0.168248257280E-04
0.125258830661E+01  -0.198784126482E-04
0.125764007274E+01  -0.234487515856E-04
0.126269183888E+01  -0.276165230756E-04
0.126774360501E+01  -0.324738412778E-04
0.127279537114E+01  -0.381256856466E-04
0.127784713727E+01  -0.446914881441E-04
0.128289890340E+01  -0.523068904687E-04
0.128795066954E+01  -0.611256859319E-04
0.129300243567E+01  -0.713219604924E-04
0.129805420180E+01  -0.830924472512E-04
0.130310596793E+01  -0.966591085573E-04
0.130815773407E+01  -0.112271959994E-03
0.131320950020E+01  -0.130212150891E-03
0.131826126633E+01  -0.150795316725E-03
0.132331303246E+01  -0.174375219684E-03
0.132836479859E+01  -0.201347694567E-03
0.133341656473E+01  -0.232154917935E-03
0.133846833086E+01  -0.267290018676E-03
0.134352009699E+01  -0.307302047854E-03
0.134857186312E+01  -0.352801324688E-03
0.135362362926E+01  -0.404465173900E-03
0.135867539539E+01  -0.463044067452E-03
0.136372716152E+01  -0.529368181307E-03
0.136877892765E+01  -0.604354375236E-03
0.137383069378E+01  -0.689013601315E-03
0.137888245992E+01  -0.784458744637E-03
0.138393422605E+01  -0.891912897854E-03
0.138898599218E+01  -0.101271806952E-02
0.139403775831E+01  -0.114834432451E-02
0.139908952445E+01  -0.130039935281E-02
0.140414129058E+01  -0.147063846042E-02
0.140919305671E+01  -0.166097497296E-02
0.141424482284E+01  -0.187349103808E-02
0.141929658897E+01  -0.211044880805E-02
0.142434835511E+01  -0.237430197773E-02
0.142940012124E+01  -0.266770764665E-02
0.143445188737E+01  -0.299353846748E-02
0.143950365350E+01  -0.335489503572E-02
0.144455541964E+01  -0.375511846934E-02
0.144960718577E+01  -0.419780312004E-02
0.145465895190E+01  -0.468680935185E-02
0.145971071803E+01  -0.522627631657E-02
0.146476248416E+01  -0.582063464924E-02
0.146981425030E+01  -0.647461900075E-02
0.147486601643E+01  -0.719328031797E-02
0.147991778256E+01  -0.798199777517E-02
0.148496954869E+01  -0.884649025358E-02
0.149002131483E+01  -0.979282725919E-02
0.149507308096E+01  -0.108274391626E-01
0.150012484709E+01  -0.119571266388E-01
0.150517661322E+01  -0.131890691802E-01
0.151022837935E+01  -0.145308325511E-01
0.151528014549E+01  -0.159903750507E-01
0.152033191162E+01  -0.175760524457E-01
0.152538367775E+01  -0.192966214341E-01
0.153043544388E+01  -0.211612414968E-01
0.153548721002E+01  -0.231794749929E-01
0.154053897615E+01  -0.253612853483E-01
0.154559074228E+01  -0.277170331869E-01
0.155064250841E+01  -0.302574702473E-01
0.155569427454E+01  -0.329937309290E-01
0.156074604068E+01  -0.359373213089E-01
0.156579780681E+01  -0.391001054723E-01
0.157084957294E+01  -0.424942890102E-01
0.157590133907E+01  -0.461323995415E-01
0.158095310521E+01  -0.500272641367E-01
0.158600487134E+01  -0.541919835337E-01
0.159105663747E+01  -0.586399030627E-01
0.159610840360E+01  -0.633845802145E-01
0.160116016973E+01  -0.684397488166E-01
0.160621193587E+01  -0.738192798001E-01
0.161126370200E+01  -0.795371385655E-01
0.161631546813E+01  -0.856073389729E-01
0.162136723426E+01  -0.920438939984E-01
0.162641900040E+01  -0.988607631121E-01
0.163147076653E+01  -0.106071796444E+00
0.163652253266E+01  -0.113690675815E+00
0.164157429879E+01  -0.121730852715E+00
0.164662606492E+01  -0.130205483330E+00
0.165167783106E+01  -0.139127360730E+00
0.165672959719E+01  -0.148508844352E+00
0.166178136332E+01  -0.158361786926E+00
0.166683312945E+01  -0.168697459040E+00
0.167188489559E+01  -0.179526471568E+00
0.167693666172E+01  -0.190858696200E+00
0.168198842785E+01  -0.202703184410E+00
0.168704019398E+01  -0.215068085170E+00
0.169209196011E+01  -0.227960561828E+00
0.169714372625E+01  -0.241386708543E+00
0.170219549238E+01  -0.255351466762E+00
0.170724725851E+01  -0.269858542193E+00
0.171229902464E+01  -0.284910322780E+00
0.171735079078E+01  -0.300507798191E+00
0.172240255691E+01  -0.316650481291E+00
0.172745432304E+01  -0.333336332111E+00
0.173250608917E+01  -0.350561684761E+00
0.173755785530E+01  -0.368321177739E+00
0.174260962144E+01  -0.386607688050E+00
0.174766138757E+01  -0.405412269521E+00
0.175271315370E+01  -0.424724095703E+00
0.175776491983E+01  -0.444530407702E+00
0.176281668596E+01  -0.464816467317E+00
0.176786845210E+01  -0.485565515833E+00
0.177292021823E+01  -0.506758738861E+00
0.177797198436E+01  -0.528375237612E+00
0.178302375049E+01  -0.550392007023E+00
0.178807551663E+01  -0.572783921168E+00
0.179312728276E+01  -0.595523726397E+00
0.179817904889E+01  -0.618582042638E+00
0.180323081502E+01  -0.641927373273E+00
0.180828258115E+01  -0.665526123974E+00
0.181333434729E+01  -0.689342630809E+00
0.181838611342E+01  -0.713339197862E+00
0.182343787955E+01  -0.737476144511E+00
0.182848964568E+01  -0.761711862433E+00
0.183354141182E+01  -0.786002882258E+00
0.183859317795E+01  -0.810303949759E+00
0.184364494408E+01  -0.834568111312E+00
0.184869671021E+01  -0.858746808348E+00
0.185374847634E+01  -0.882789980438E+00
0.185880024248E+01  -0.906646176611E+00
0.186385200861E+01  -0.930262674541E+00
0.186890377474E+01  -0.953585607185E+00
0.187395554087E+01  -0.976560096509E+00
0.187900730701E+01  -0.999130393954E+00
0.188405907314E+01  -0.102124002727E+01
0.188911083927E+01  -0.104283195344E+01
0.189416260540E+01  -0.106384871725E+01
0.189921437153E+01  -0.108423261524E+01
0.190426613767E+01  -0.110392586450E+01
0.190931790380E+01  -0.112287077597E+01
0.191436966993E+01  -0.114100993147E+01
0.191942143606E+01  -0.115828636394E+01
0.192447320220E+01  -0.117464374018E+01
0.192952496833E+01  -0.119002654508E+01
0.193457673446E+01  -0.120438026658E+01
0.193962850059E+01  -0.121765158043E+01
0.194468026672E+01  -0.122978853359E+01
0.194973203286E+01  -0.124074072554E+01
0.195478379899E+01  -0.125045948635E+01
0.195983556512E+01  -0.125889805079E+01
0.196488733125E+01  -0.126601172747E+01
0.196993909739E+01  -0.127175806249E+01
0.197499086352E+01  -0.127609699673E+01
0.198004262965E+01  -0.127899101640E+01
0.198509439578E+01  -0.128040529614E+01
0.199014616191E+01  -0.128030783444E+01
0.199519792805E+01  -0.127866958084E+01
0.200024969418E+01  -0.127546455449E+01
0.200530146031E+01  -0.127066995375E+01
0.201035322644E+01  -0.126426625645E+01
0.201540499258E+01  -0.125623731026E+01
0.202045675871E+01  -0.124657041276E+01
0.202550852484E+01  -0.123525638094E+01
0.203056029097E+01  -0.122228960937E+01
0.203561205710E+01  -0.120766811682E+01
0.204066382324E+01  -0.119139358099E+01
0.204571558937E+01  -0.117347136081E+01
0.205076735550E+01  -0.115391050629E+01
0.205581912163E+01  -0.113272375574E+01
0.206087088777E+01  -0.110992752028E+01
0.206592265390E+01  -0.108554185577E+01
0.207097442003E+01  -0.105959042245E+01
0.207602618616E+01  -0.103210043232E+01
0.208107795229E+01  -0.100310258499E+01
0.208612971843E+01  -0.972630992113E+00
0.209118148456E+01  -0.940723090969E+00
0.209623325069E+01  -0.907419547751E+00
0.210128501682E+01  -0.872764150928E+00
0.210633678296E+01  -0.836803695218E+00
0.211138854909E+01  -0.799587856651E+00
0.211644031522E+01  -0.761169059172E+00
0.212149208135E+01  -0.721602333274E+00
0.212654384748E+01  -0.680945167135E+00
0.213159561362E+01  -0.639257350776E+00
0.213664737975E+01  -0.596600813766E+00
0.214169914588E+01  -0.553039457064E+00
0.214675091201E+01  -0.508638979613E+00
0.215180267815E+01  -0.463466700362E+00
0.215685444428E+01  -0.417591376420E+00
0.216190621041E+01  -0.371083018089E+00
0.216695797654E+01  -0.324012701540E+00
0.217200974267E+01  -0.276452379911E+00
0.217706150881E+01  -0.228474693582E+00
0.218211327494E+01  -0.180152780401E+00
0.218716504107E+01  -0.131560086567E+00
0.219221680720E+01  -0.827701788612E-01
0.219726857334E+01  -0.338565588777E-01
0.220232033947E+01  0.151075201484E-01
0.220737210560E+01  0.640492333458E-01
0.221242387173E+01  0.112896360517E+00
0.221747563786E+01  0.161577458249E+00
0.222252740400E+01  0.210022027348E+00
0.222757917013E+01  0.258160675131E+00
0.223263093626E+01  0.305925272128E+00
0.223768270239E+01  0.353249102754E+00
0.224273446853E+01  0.400067009526E+00
0.224778623466E+01  0.446315530412E+00
0.225283800079E+01  0.491933028939E+00
0.225788976692E+01  0.536859816695E+00
0.226294153305E+01  0.581038267910E+00
0.226799329919E+01  0.624412925861E+00
0.227304506532E+01  0.666930600870E+00
0.227809683145E+01  0.708540459754E+00
0.228314859758E+01  0.749194106609E+00
0.228820036372E+01  0.788845654897E+00
0.229325212985E+01  0.827451790840E+00
0.229830389598E+01  0.864971828154E+00
0.230335566211E+01  0.901367754233E+00
0.230840742824E+01  0.936604267864E+00
0.231345919438E+01  0.970648808620E+00
0.231851096051E+01  0.100347157806E+01
0.232356272664E+01  0.103504555290E+01
0.232861449277E+01  0.106534649022E+01
0.233366625891E+01  0.109435292508E+01
0.233871802504E+01  0.112204616036E+01
0.234376979117E+01  0.114841024938E+01
0.234882155730E+01  0.117343197123E+01
0.235387332343E+01  0.119710079917E+01
0.235892508957E+01  0.121940886226E+01
0.236397685570E+01  0.124035090065E+01
0.236902862183E+01  0.125992421467E+01
0.237408038796E+01  0.127812860821E+01
0.237913215410E+01  0.129496632673E+01
0.238418392023E+01  0.131044199031E+01
0.238923568636E+01  0.132456252209E+01
0.239428745249E+01  0.133733707271E+01
0.239933921862E+01  0.134877694089E+01
0.240439098476E+01  0.135889549086E+01
0.240944275089E+01  0.136770806682E+01
0.241449451702E+01  0.137523190492E+01
0.241954628315E+01  0.138148604306E+01
0.242459804929E+01  0.138649122888E+01
0.242964981542E+01  0.139026982624E+01
0.243470158155E+01  0.139284572043E+01
0.243975334768E+01  0.139424422251E+01
0.244480511381E+01  0.139449197290E+01
0.244985687995E+01  0.139361684464E+01
0.245490864608E+01  0.139164784649E+01
0.245996041221E+01  0.138861502619E+01
0.246501217834E+01  0.138454937410E+01
0.247006394448E+01  0.137948272760E+01
0.247511571061E+01  0.137344767647E+01
0.248016747674E+01  0.136647746953E+01
0.248521924287E+01  0.135860592283E+01
0.249027100900E+01  0.134986732961E+01
0.249532277514E+01  0.134029637244E+01
0.250037454127E+01  0.132992803744E+01
0.250542630740E+01  0.131879753115E+01
0.251047807353E+01  0.130694019990E+01
0.251552983967E+01  0.129439145201E+01
0.252058160580E+01  0.128118668285E+01
0.252563337193E+01  0.126736120284E+01
0.253068513806E+01  0.125295016847E+01
0.253573690419E+01  0.123798851634E+01
0.254078867033E+01  0.122251090036E+01
0.254584043646E+01  0.120655163193E+01
0.255089220259E+01  0.119014462336E+01
0.255594396872E+01  0.117332333426E+01
0.256099573486E+01  0.115612072124E+01
0.256604750099E+01  0.113856919064E+01
0.257109926712E+01  0.112070055443E+01
0.257615103325E+01  0.110254598936E+01
0.258120279938E+01  0.108413599915E+01
0.258625456552E+01  0.106550037998E+01
0.259130633165E+01  0.104666818902E+01
0.259635809778E+01  0.102766771613E+01
0.260140986391E+01  0.100852645864E+01
0.260646163005E+01  0.989271099126E+00
0.261151339618E+01  0.969927486134E+00
0.261656516231E+01  0.950520617802E+00
0.262161692844E+01  0.931074628208E+00
0.262666869457E+01  0.911612776418E+00
0.263172046071E+01  0.892157438061E+00
0.263677222684E+01  0.872730099367E+00
0.264182399297E+01  0.853351353511E+00
0.264687575910E+01  0.834040899176E+00
0.265192752524E+01  0.814817541197E+00
0.265697929137E+01  0.795699193205E+00
0.266203105750E+01  0.776702882129E+00
0.266708282363E+01  0.757844754498E+00
0.267213458976E+01  0.739140084400E+00
0.267718635590E+01  0.720603283049E+00
0.268223812203E+01  0.702247909842E+00
0.268728988816E+01  0.684086684817E+00
0.269234165429E+01  0.666131502447E+00
0.269739342043E+01  0.648393446652E+00
0.270244518656E+01  0.630882806950E+00
0.270749695269E+01  0.613609095655E+00
0.271254871882E+01  0.596581066019E+00
0.271760048495E+01  0.579806731218E+00
0.272265225109E+01  0.563293384092E+00
0.272770401722E+01  0.547047617530E+00
0.273275578335E+01  0.531075345408E+00
0.273780754948E+01  0.515381823984E+00
0.274285931562E+01  0.499971673663E+00
0.274791108175E+01  0.484848901049E+00
0.275296284788E+01  0.470016921203E+00
0.275801461401E+01  0.455478580041E+00
0.276306638014E+01  0.441236176809E+00
0.276811814628E+01  0.427291486570E+00
0.277316991241E+01  0.413645782653E+00
0.277822167854E+01  0.400299859024E+00
0.278327344467E+01  0.387254052514E+00
0.278832521081E+01  0.374508264880E+00
0.279337697694E+01  0.362061984653E+00
0.279842874307E+01  0.349914308721E+00
0.280348050920E+01  0.338063963634E+00
0.280853227533E+01  0.326509326569E+00
0.281358404147E+01  0.315248445945E+00
0.281863580760E+01  0.304279061632E+00
0.282368757373E+01  0.293598624745E+00
0.282873933986E+01  0.283204316979E+00
0.283379110600E+01  0.273093069466E+00
0.283884287213E+01  0.263261581134E+00
0.284389463826E+01  0.253706336536E+00
0.284894640439E+01  0.244423623154E+00
0.285399817052E+01  0.235409548135E+00
0.285904993666E+01  0.226660054477E+00
0.286410170279E+01  0.218170936637E+00
0.286915346892E+01  0.209937855576E+00
0.287420523505E+01  0.201956353213E+00
0.287925700119E+01  0.194221866325E+00
0.288430876732E+01  0.186729739864E+00
0.288936053345E+01  0.179475239711E+00
0.289441229958E+01  0.172453564875E+00
0.289946406571E+01  0.165659859138E+00
0.290451583185E+01  0.159089222149E+00
0.290956759798E+01  0.152736719981E+00
0.291461936411E+01  0.146597395159E+00
0.291967113024E+01  0.140666276157E+00
0.292472289638E+01  0.134938386374E+00
0.292977466251E+01  0.129408752612E+00
0.293482642864E+01  0.124072413033E+00
0.293987819477E+01  0.118924424646E+00
0.294492996090E+01  0.113959870295E+00
0.294998172704E+01  0.109173865196E+00
0.295503349317E+01  0.104561563007E+00
0.296008525930E+01  0.100118161469E+00
0.296513702543E+01  0.958389076139E-01
0.297018879157E+01  0.917191025736E-01
0.297524055770E+01  0.877541059852E-01
0.298029232383E+01  0.839393400247E-01
0.298534408996E+01  0.802702930744E-01
0.299039585609E+01  0.767425230419E-01
0.299544762223E+01  0.733516603453E-01
0.300049938836E+01  0.700934105783E-01
0.300555115449E+01  0.669635568699E-01
0.301060292062E+01  0.639579619529E-01
0.301565468676E+01  0.610725699550E-01
0.302070645289E+01  0.583034079267E-01
0.302575821902E+01  0.556465871190E-01
0.303080998515E+01  0.530983040242E-01
0.303586175128E+01  0.506548411927E-01
0.304091351742E+01  0.483125678377E-01
0.304596528355E+01  0.460679402389E-01
0.305101704968E+01  0.439175019579E-01
0.305606881581E+01  0.418578838751E-01
0.306112058195E+01  0.398858040604E-01
0.306617234808E+01  0.379980674876E-01
0.307122411421E+01  0.361915656041E-01
0.307627588034E+01  0.344632757665E-01
0.308132764647E+01  0.328102605532E-01
0.308637941261E+01  0.312296669645E-01
0.309143117874E+01  0.297187255194E-01
0.309648294487E+01  0.282747492593E-01
0.310153471100E+01  0.268951326667E-01
0.310658647714E+01  0.255773505074E-01
0.311163824327E+01  0.243189566025E-01
0.311669000940E+01  0.231175825384E-01
0.312174177553E+01  0.219709363190E-01
0.312679354166E+01  0.208768009685E-01
0.313184530780E+01  0.198330330887E-01
0.313689707393E+01  0.188375613779E-01
0.314194884006E+01  0.178883851165E-01
0.314700060619E+01  0.169835726261E-01
0.315205237233E+01  0.161212597060E-01
0.315710413846E+01  0.152996480537E-01
0.316215590459E+01  0.145170036739E-01
0.316720767072E+01  0.137716552796E-01
0.317225943685E+01  0.130619926902E-01
0.317731120299E+01  0.123864652289E-01
0.318236296912E+01  0.117435801234E-01
0.318741473525E+01  0.111319009109E-01
0.319246650138E+01  0.105500458525E-01
0.319751826751E+01  0.999668635643E-02
0.320257003365E+01  0.947054541600E-02
0.320762179978E+01  0.897039606143E-02
0.321267356591E+01  0.849505983067E-02
0.321772533204E+01  0.804340526006E-02
0.322277709818E+01  0.761434639736E-02
0.322782886431E+01  0.720684133885E-02
0.323288063044E+01  0.681989079161E-02
0.323793239657E+01  0.645253666210E-02
0.324298416270E+01  0.610386067157E-02
0.324803592884E+01  0.577298299870E-02
0.325308769497E+01  0.545906094976E-02
0.325813946110E+01  0.516128765665E-02
0.326319122723E+01  0.487889080326E-02
0.326824299337E+01  0.461113138072E-02
0.327329475950E+01  0.435730247218E-02
0.327834652563E+01  0.411672806793E-02
0.328339829176E+01  0.388876191140E-02
0.328845005789E+01  0.367278637665E-02
0.329350182403E+01  0.346821137738E-02
0.329855359016E+01  0.327447330755E-02
0.330360535629E+01  0.309103401309E-02
0.330865712242E+01  0.291737979414E-02
0.331370888856E+01  0.275302043716E-02
0.331876065469E+01  0.259748827604E-02
0.332381242082E+01  0.245033728168E-02
0.332886418695E+01  0.231114217957E-02
0.333391595308E+01  0.217949759512E-02
0.333896771922E+01  0.205501722648E-02
0.334401948535E+01  0.193733304513E-02
0.334907125148E+01  0.182609452383E-02
0.335412301761E+01  0.172096789204E-02
0.335917478375E+01  0.162163541823E-02
0.336422654988E+01  0.152779471862E-02
0.336927831601E+01  0.143915809137E-02
0.337433008214E+01  0.135545187534E-02
0.337938184827E+01  0.127641583236E-02
0.338443361441E+01  0.120180255199E-02
0.338948538054E+01  0.113137687798E-02
0.339453714667E+01  0.106491535584E-02
0.339958891280E+01  0.100220570100E-02
0.340464067894E+01  0.943046287407E-03
0.340969244507E+01  0.887245656347E-03
0.341474421120E+01  0.834622045347E-03
0.341979597733E+01  0.785002936797E-03
0.342484774346E+01  0.738224625864E-03
0.342989950960E+01  0.694131806985E-03
0.343495127573E+01  0.652577178075E-03
0.344000304186E+01  0.613421061487E-03
0.344505480799E+01  0.576531040713E-03
0.345010657413E+01  0.541781611955E-03
0.345515834026E+01  0.509053849824E-03
0.346021010639E+01  0.478235086661E-03
0.346526187252E+01  0.449218605184E-03
0.347031363865E+01  0.421903344314E-03
0.347536540479E+01  0.396193618113E-03
0.348041717092E+01  0.371998847739E-03
0.348546893705E+01  0.349233306191E-03
0.349052070318E+01  0.327815875473E-03
0.349557246932E+01  0.307669815573E-03
0.350062423545E+01  0.288722544526E-03
0.350567600158E+01  0.270905428742E-03
0.351072776771E+01  0.254153582771E-03
0.351577953384E+01  0.238405677811E-03
0.352083129998E+01  0.223603758417E-03
0.352588306611E+01  0.209693067103E-03
0.353093483224E+01  0.196621876704E-03
0.353598659837E+01  0.184341330528E-03
0.354103836451E+01  0.172805290350E-03
0.354609013064E+01  0.161970192292E-03
0.355114189677E+01  0.151794910469E-03
0.355619366290E+01  0.142240628141E-03
0.356124542903E+01  0.133270715896E-03
0.356629719517E+01  0.124850616274E-03
0.357134896130E+01  0.116947734153E-03
0.357640072743E+01  0.109531332279E-03
0.358145249356E+01  0.102572431386E-03
0.358650425970E+01  0.960437145853E-04
0.359155602583E+01  0.899194358697E-04
0.359660779196E+01  0.841753327619E-04
0.360165955809E+01  0.787885432734E-04
0.360671132422E+01  0.737375273426E-04
0.361176309036E+01  0.690019928817E-04
0.361681485649E+01  0.645628264098E-04
0.362186662262E+01  0.604020280843E-04
0.362691838875E+01  0.565026507584E-04
0.363197015489E+01  0.528487425750E-04
0.363702192102E+01  0.494252925533E-04
0.364207368715E+01  0.462181786594E-04
0.364712545328E+01  0.432141179870E-04
0.365217721941E+01  0.404006188369E-04
0.365722898555E+01  0.377659346850E-04
0.366228075168E+01  0.352990201892E-04
0.366733251781E+01  0.329894894684E-04
0.367238428394E+01  0.308275769176E-04
0.367743605008E+01  0.288041007236E-04
0.368248781621E+01  0.269104291149E-04
0.368753958234E+01  0.251384491983E-04
0.369259134847E+01  0.234805380691E-04
0.369764311460E+01  0.219295357778E-04
0.370269488074E+01  0.204787196849E-04
0.370774664687E+01  0.191217798074E-04
0.371279841300E+01  0.178527948734E-04
0.371785017913E+01  0.166662089855E-04
0.372290194527E+01  0.155568089658E-04
0.372795371140E+01  0.145197026021E-04
0.373300547753E+01  0.135502980940E-04
0.373805724366E+01  0.126442849764E-04
0.374310900979E+01  0.117976167184E-04
0.374816077593E+01  0.110064950392E-04
0.375321254206E+01  0.102673558064E-04
0.375826430819E+01  0.957685624139E-05
0.376331607432E+01  0.893186304290E-05
0.376836784046E+01  0.832944102898E-05
0.377341960659E+01  0.776684196515E-05
0.377847137272E+01  0.724149337195E-05
0.378352313885E+01  0.675098728160E-05
0.378857490498E+01  0.629306907646E-05
0.379362667112E+01  0.586562667752E-05
0.379867843725E+01  0.546668039527E-05
0.380373020338E+01  0.509437373593E-05
0.380878196951E+01  0.474696535475E-05
0.381383373565E+01  0.442282218430E-05
0.381888550178E+01  0.412041361832E-05
0.382393726791E+01  0.383830645694E-05
0.382898903404E+01  0.357516027800E-05
0.383404080017E+01  0.332972285893E-05
0.383909256631E+01  0.310082536996E-05
0.384414433244E+01  0.288737719286E-05
0.384919609857E+01  0.268836037820E-05
0.385424786470E+01  0.250282392810E-05
0.385929963084E+01  0.232987817796E-05
0.386435139697E+01  0.216868960982E-05
0.386940316310E+01  0.201847637862E-05
0.387445492923E+01  0.187850472032E-05
0.387950669536E+01  0.174808626015E-05
0.388455846150E+01  0.162657607125E-05
0.388961022763E+01  0.151337122023E-05
0.389466199376E+01  0.140790944596E-05
0.389971375989E+01  0.130966765088E-05
0.390476552603E+01  0.121815995893E-05
0.390981729216E+01  0.113293523562E-05
0.391486905829E+01  0.105357413163E-05
0.391992082442E+01  0.979685851219E-06
0.392497259055E+01  0.910904944049E-06
0.393002435669E+01  0.846888443486E-06
0.393507612282E+01  0.787313611807E-06
0.394012788895E+01  0.731876441130E-06
0.394517965508E+01  0.680290900848E-06
0.395023142122E+01  0.632288770633E-06
0.395528318735E+01  0.587619780560E-06
0.396033495348E+01  0.546051731210E-06
0.396538671961E+01  0.507370290787E-06
0.397043848574E+01  0.471378260450E-06
0.397549025188E+01  0.437894242876E-06
0.398054201801E+01  0.406750803844E-06
0.398559378414E+01  0.377792352565E-06
0.399064555027E+01  0.350873041070E-06
0.399569731641E+01  0.325854993541E-06
0.400074908254E+01  0.302607107597E-06
0.400580084867E+01  0.281004544520E-06
0.401085261480E+01  0.260928874688E-06
0.401590438093E+01  0.242268698439E-06
0.402095614707E+01  0.224920462225E-06
0.402600791320E+01  0.208789153390E-06
0.403105967933E+01  0.193788595237E-06
0.403611144546E+01  0.179841166637E-06
0.404116321160E+01  0.166876913784E-06
0.404621497773E+01  0.154832172464E-06
0.405126674386E+01  0.143647938234E-06
0.405631850999E+01  0.133268287617E-06
0.406137027612E+01  0.123639144365E-06
0.406642204226E+01  0.114707608140E-06
0.407147380839E+01  0.106421933089E-06
0.407652557452E+01  0.987320978178E-07
0.408157734065E+01  0.915907656910E-07
0.408662910679E+01  0.849543631880E-07
0.409168087292E+01  0.787839589106E-07
0.409673263905E+01  0.730456999984E-07
0.410178440518E+01  0.677106548944E-07
0.410683617131E+01  0.627540629036E-07
0.411188793745E+01  0.581541324784E-07
0.411693970358E+01  0.538906327836E-07
0.412199146971E+01  0.499435835977E-07
0.412704323584E+01  0.462923145741E-07
0.413209500198E+01  0.429150879341E-07
0.413714676811E+01  0.397893405715E-07
0.414219853424E+01  0.368924637638E-07
0.414725030037E+01  0.342029085066E-07
0.415230206650E+01  0.317013315879E-07
0.415735383264E+01  0.293714962033E-07
0.416240559877E+01  0.272006925963E-07
0.416745736490E+01  0.251795670896E-07
0.417250913103E+01  0.233013836741E-07
0.417756089717E+01  0.215608802427E-07
0.418261266330E+01  0.199529762800E-07
0.418766442943E+01  0.184716220716E-07
0.419271619556E+01  0.171090484295E-07
0.419776796169E+01  0.158555791159E-07
0.420281972783E+01  0.147000379680E-07
0.420787149396E+01  0.136306400110E-07
0.421292326009E+01  0.126361473677E-07
0.421797502622E+01  0.117070071183E-07
0.422302679236E+01  0.108361946559E-07
0.422807855849E+01  0.100195588684E-07
0.423313032462E+01  0.925558193293E-08
0.423818209075E+01  0.854460686824E-08
0.424323385688E+01  0.788771120206E-08
0.424828562302E+01  0.728548668695E-08
0.425333738915E+01  0.673700875707E-08
0.425838915528E+01  0.623923137160E-08
0.426344092141E+01  0.578694403980E-08
0.426849268755E+01  0.537329391527E-08
0.427354445368E+01  0.499074381281E-08
0.427859621981E+01  0.463223486157E-08
0.428364798594E+01  0.429227703331E-08
0.428869975207E+01  0.396770549613E-08
0.429375151821E+01  0.365792561382E-08
0.429880328434E+01  0.336458725919E-08
0.430385505047E+01  0.309076520440E-08
0.430890681660E+01  0.283983829773E-08
0.431395858274E+01  0.261433014678E-08
0.431901034887E+01  0.241498344934E-08
0.432406211500E+01  0.224028089626E-08
0.432911388113E+01  0.208652368933E-08
0.433416564726E+01  0.194844414655E-08
0.433921741340E+01  0.182020402370E-08
0.434426917953E+01  0.169654301116E-08
0.434932094566E+01  0.157380015818E-08
0.435437271179E+01  0.145057283280E-08
0.435942447793E+01  0.132785397759E-08
0.436447624406E+01  0.120861927641E-08
0.436952801019E+01  0.109696060969E-08
0.437457977632E+01  0.996973403644E-09
0.437963154245E+01  0.911657801285E-09
0.438468330859E+01  0.842091929349E-09
0.438973507472E+01  0.787071293678E-09
0.439478684085E+01  0.743293914292E-09
0.439983860698E+01  0.706049793239E-09
0.440489037312E+01  0.670241211629E-09
0.440994213925E+01  0.631501999710E-09
0.441499390538E+01  0.587142812247E-09
0.442004567151E+01  0.536704718347E-09
0.442509743764E+01  0.481990999658E-09
0.443014920378E+01  0.426569928551E-09
0.443520096991E+01  0.374870779991E-09
0.444025273604E+01  0.331083469430E-09
0.444530450217E+01  0.298123597504E-09
0.445035626831E+01  0.276905782890E-09
0.445540803444E+01  0.266094163331E-09
0.446045980057E+01  0.262387651140E-09
0.446551156670E+01  0.261267419359E-09
0.447056333283E+01  0.258034540774E-09
0.447561509897E+01  0.248884923598E-09
0.448066686510E+01  0.231772600849E-09
0.448571863123E+01  0.206858206415E-09
0.449077039736E+01  0.176436965780E-09
0.449582216350E+01  0.144367516552E-09
0.450087392963E+01  0.115136002799E-09
0.450592569576E+01  0.927771412160E-10
0.451097746189E+01  0.799088944724E-10
0.451602922802E+01  0.771048280704E-10
0.452108099416E+01  0.827521204039E-10
0.452613276029E+01  0.934260997935E-10
0.453118452642E+01  0.104690831946E-09
0.453623629255E+01  0.112135767685E-09
0.454128805869E+01  0.112402905875E-09
0.454633982482E+01  0.103962532225E-09
0.455139159095E+01  0.874570569773E-10
0.455644335708E+01  0.655322167862E-10
0.456149512321E+01  0.421967182490E-10
0.456654688935E+01  0.218668333550E-10
0.457159865548E+01  0.831729699126E-11
0.457665042161E+01  0.378804026239E-11
0.458170218774E+01  0.845784098876E-11
0.458675395388E+01  0.204040417207E-10
0.459180572001E+01  0.360591197588E-10
0.459685748614E+01  0.510539571457E-10
0.460190925227E+01  0.612422807329E-10
0.460696101840E+01  0.636755350140E-10
0.461201278454E+01  0.572866984035E-10
0.461706455067E+01  0.431314193397E-10
0.462211631680E+01  0.241276946901E-10
0.462716808293E+01  0.435815229905E-11
0.463221984907E+01  -0.118974869202E-10
0.463727161520E+01  -0.211752675552E-10
0.464232338133E+01  -0.216407867745E-10
0.464737514746E+01  -0.135165930996E-10
0.465242691359E+01  0.975531760649E-12
0.465747867973E+01  0.181456513617E-10
0.466253044586E+01  0.337049165083E-10
0.466758221199E+01  0.437818191602E-10
0.467263397812E+01  0.458258390047E-10
0.467768574425E+01  0.392048562620E-10
0.468273751039E+01  0.253433300548E-10
0.468778927652E+01  0.737918071237E-11
0.469284104265E+01  -0.105835516765E-10
0.469789280878E+01  -0.244469302543E-10
0.470294457492E+01  -0.310832688052E-10
0.470799634105E+01  -0.290696848378E-10
0.471304810718E+01  -0.190173888597E-10
0.471809987331E+01  -0.342021144926E-11
0.472315163944E+01  0.139393538621E-10
0.472820340558E+01  0.288857011035E-10
0.473325517171E+01  0.378338703144E-10
0.473830693784E+01  0.386311146306E-10
0.474335870397E+01  0.310585683415E-10
0.474841047011E+01  0.168741224486E-10
0.475346223624E+01  -0.609001178507E-12
0.475851400237E+01  -0.173093253785E-10
0.476356576850E+01  -0.293422194350E-10
0.476861753463E+01  -0.339332824751E-10
0.477366930077E+01  -0.300682650481E-10
0.477872106690E+01  -0.187257064378E-10
0.478377283303E+01  -0.263840268265E-11
0.478882459916E+01  0.143563956901E-10
0.479387636530E+01  0.282244658385E-10
0.479892813143E+01  0.356860195437E-10
0.480397989756E+01  0.349847475711E-10
0.480903166369E+01  0.262955661778E-10
0.481408342982E+01  0.116758952098E-10
0.481913519596E+01  -0.542685803958E-11
0.482418696209E+01  -0.209916192907E-10
0.482923872822E+01  -0.313738453032E-10
0.483429049435E+01  -0.341626574328E-10
0.483934226049E+01  -0.287436177074E-10
0.484439402662E+01  -0.164369412517E-10
0.484944579275E+01  -0.179056100694E-12
0.485449755888E+01  0.161754415197E-10
0.485954932501E+01  0.287638790983E-10
0.486460109115E+01  0.346270761130E-10
0.486965285728E+01  0.324015591649E-10
0.487470462341E+01  0.226351801238E-10
0.487975638954E+01  0.765047417454E-11
0.488480815568E+01  -0.900930384213E-11
0.488985992181E+01  -0.234189469839E-10
0.489491168794E+01  -0.321982840726E-10
0.489996345407E+01  -0.333056097586E-10
0.490501522020E+01  -0.265136189879E-10
0.491006698634E+01  -0.134565626552E-10
0.491511875247E+01  0.276248550062E-11
0.492017051860E+01  0.183072724719E-10
0.492522228473E+01  0.295155566842E-10
0.493027405087E+01  0.337605515465E-10
0.493532581700E+01  0.300663424719E-10
0.494037758313E+01  0.193309006031E-10
0.494542934926E+01  0.410756962391E-11
0.495048111539E+01  -0.120024788839E-10
0.495553288153E+01  -0.252027793849E-10
0.496058464766E+01  -0.323966515991E-10
0.496563641379E+01  -0.319137366374E-10
0.497068817992E+01  -0.238987748959E-10
0.497573994606E+01  -0.102695875179E-10
0.498079171219E+01  0.574009669843E-11
0.498584347832E+01  0.203490284435E-10
0.499089524445E+01  0.301198245504E-10
0.499594701058E+01  0.327679797316E-10
0.500099877672E+01  0.276962254532E-10
0.500605054285E+01  0.161275855915E-10
0.501110230898E+01  0.812031376421E-12
0.501615407511E+01  -0.146286692347E-10
0.502120584125E+01  -0.265572983288E-10
0.502625760738E+01  -0.321773119317E-10
0.503130937351E+01  -0.301891652023E-10
0.503636113964E+01  -0.210905595370E-10
0.504141290577E+01  -0.705261835964E-11
0.504646467191E+01  0.859818030548E-11
0.505151643804E+01  0.221681192947E-10
0.505656820417E+01  0.304675160576E-10
0.506161997030E+01  0.315610362480E-10
0.506667173644E+01  0.252182220403E-10
0.507172350257E+01  0.129614297436E-10
0.507677526870E+01  -0.229964281618E-11
0.508182703483E+01  -0.169577542942E-10
0.508687880096E+01  -0.275620258257E-10
0.509193056710E+01  -0.316300415585E-10
0.509698233323E+01  -0.282283338618E-10
0.510203409936E+01  -0.181876115063E-10
0.510708586549E+01  -0.389883677870E-11
0.511213763163E+01  0.112549547494E-10
0.511718939776E+01  0.236993176261E-10
0.512224116389E+01  0.305129315687E-10
0.512729293002E+01  0.301116165624E-10
0.513234469615E+01  0.226173585218E-10
0.513739646229E+01  0.982358593569E-11
0.514244822842E+01  -0.523534304745E-11
0.514749999455E+01  -0.190019432339E-10
0.515255176068E+01  -0.282375254815E-10
0.515760352682E+01  -0.307836540581E-10
0.516265529295E+01  -0.260659812984E-10
0.516770705908E+01  -0.152243261839E-10
0.517275882521E+01  -0.837397122803E-12
0.517781059134E+01  0.136914864099E-10
0.518286235748E+01  0.249381041795E-10
0.518791412361E+01  0.302647920338E-10
0.519296588974E+01  0.284395689516E-10
0.519801765587E+01  0.199200178021E-10
0.520306942201E+01  0.674001123457E-11
0.520812118814E+01  -0.797624548879E-11
0.521317295427E+01  -0.207555131204E-10
0.521822472040E+01  -0.285932526349E-10
0.522327648653E+01  -0.296620964240E-10
0.522832825267E+01  -0.237368316846E-10
0.523338001880E+01  -0.122411290309E-10
0.523843178493E+01  0.209353692181E-11
0.524348355106E+01  0.158782734455E-10
0.524853531720E+01  0.258665354181E-10
0.525358708333E+01  0.297191944678E-10
0.525863884946E+01  0.265525558835E-10
0.526369061559E+01  0.171407572737E-10
0.526874238172E+01  0.372640535599E-11
0.527379414786E+01  -0.105128629153E-10
0.527884591399E+01  -0.222178923764E-10
0.528389768012E+01  -0.286404625087E-10
0.528894944625E+01  -0.282877235303E-10
0.529400121239E+01  -0.212702430456E-10
0.529905297852E+01  -0.926871084285E-11
0.530410474465E+01  0.486828289186E-11
0.530915651078E+01  0.177997042359E-10
0.531420827691E+01  0.264829283573E-10
0.531926004305E+01  0.288884427625E-10
0.532431180918E+01  0.244746910797E-10
0.532936357531E+01  0.143099710662E-10
0.533441534144E+01  0.813418607440E-12
0.533946710758E+01  -0.128197464852E-10
0.534451887371E+01  -0.233753190068E-10
0.534957063984E+01  -0.283781075253E-10
0.535462240597E+01  -0.266714998421E-10
0.535967417210E+01  -0.186855856905E-10
0.536472593824E+01  -0.632868398021E-11
0.536977770437E+01  0.746801988282E-11
0.537482947050E+01  0.194465630180E-10
0.537988123663E+01  0.267906153111E-10
0.538493300277E+01  0.277886834961E-10
0.538998476890E+01  0.222321372381E-10
0.539503653503E+01  0.114588922519E-10
0.540008830116E+01  -0.196911684895E-11
0.540514006729E+01  -0.148750705781E-10
0.541019183343E+01  -0.242183399492E-10
0.541524359956E+01  -0.278114699359E-10
0.542029536569E+01  -0.248321487467E-10
0.542534713182E+01  -0.160110299507E-10
0.543039889796E+01  -0.345326775318E-11
0.543545066409E+01  0.986433283755E-11
0.544050243022E+01  0.207984754382E-10
0.544555419635E+01  0.267816778249E-10
0.545060596248E+01  0.264252304787E-10
0.545565772862E+01  0.198414336172E-10
0.546070949475E+01  0.861050928711E-11
0.546576126088E+01  -0.459843588570E-11
0.547081302701E+01  -0.166619625558E-10
0.547586479315E+01  -0.247403341181E-10
0.548091655928E+01  -0.269467199238E-10
0.548596832541E+01  -0.227876127301E-10
0.549102009154E+01  -0.132728013028E-10
0.549607185767E+01  -0.670548806658E-12
0.550112362381E+01  0.120330802463E-10
0.550617538994E+01  0.218421514768E-10
0.551122715607E+01  0.264572205994E-10
0.551627892220E+01  0.248148299611E-10
0.552133068834E+01  0.173325274997E-10
0.552638245447E+01  0.580339233731E-11
0.553143422060E+01  -0.703361755374E-11
0.553648598673E+01  -0.181440175913E-10
0.554153775286E+01  -0.249154160023E-10
0.554658951900E+01  -0.257716135005E-10
0.555164128513E+01  -0.205395064366E-10
0.555669305126E+01  -0.104831514646E-10
0.556174481739E+01  0.200170003779E-11
0.556679658353E+01  0.139583789311E-10
0.557184834966E+01  0.225697896627E-10
0.557690011579E+01  0.258228933939E-10
0.558195188192E+01  0.229790071012E-10
0.558700364805E+01  0.147421443199E-10
0.559205541419E+01  0.308525710624E-11
0.559710718032E+01  -0.922193393863E-11
0.560215894645E+01  -0.192712004799E-10
0.560721071258E+01  -0.247024027771E-10
0.561226247872E+01  -0.242581049715E-10
0.561731424485E+01  -0.180741754632E-10
0.562236601098E+01  -0.764042283206E-11
0.562741777711E+01  0.455900683182E-11
0.563246954324E+01  0.156374246190E-10
0.563752130938E+01  0.229893806558E-10
0.564257307551E+01  0.249045348358E-10
0.564762484164E+01  0.209660205033E-10
0.565267660777E+01  0.121416228451E-10
0.565772837391E+01  0.547053220778E-12
0.566278014004E+01  -0.110607127851E-10
0.566783190617E+01  -0.199381928888E-10
0.567288367230E+01  -0.240037026052E-10
0.567793543843E+01  -0.223247707491E-10
0.568298720457E+01  -0.153311624421E-10
0.568803897070E+01  -0.470452946199E-11
0.569309073683E+01  0.702659793630E-11
0.569814250296E+01  0.170905103053E-10
0.570319426910E+01  0.231286230871E-10
0.570824603523E+01  0.237501708023E-10
0.571329780136E+01  0.188543164771E-10
0.571834956749E+01  0.964488712900E-11
0.572340133362E+01  -0.166341224166E-11
0.572845309976E+01  -0.123760034633E-10
0.573350486589E+01  -0.199592169577E-10
0.573855663202E+01  -0.226382253400E-10
0.574360839815E+01  -0.198111516606E-10
0.574866016429E+01  -0.121821730002E-10
0.575371193042E+01  -0.158445796148E-11
0.575876369655E+01  0.946296171909E-11
0.576381546268E+01  0.183569296436E-10
0.576886722881E+01  0.230271879603E-10
0.577391899495E+01  0.224217563737E-10
0.577897076108E+01  0.167469484856E-10
0.578402252721E+01  0.740689593314E-11
0.578907429334E+01  -0.334074999482E-11
0.579412605948E+01  -0.129280509766E-10
0.579917782561E+01  -0.190888433642E-10
0.580422959174E+01  -0.203931349655E-10
0.580928135787E+01  -0.165779192103E-10
0.581433312400E+01  -0.859706535417E-11
0.581938489014E+01  0.161834561470E-11
0.582443665627E+01  0.116294961761E-10
0.582948842240E+01  0.190751117514E-10
0.583454018853E+01  0.222308370136E-10
0.583959195467E+01  0.204108950663E-10
0.584464372080E+01  0.141166354061E-10
0.584969548693E+01  0.490034544048E-11
0.585474725306E+01  -0.502097643626E-11
0.585979901919E+01  -0.133050284687E-10
0.586485078533E+01  -0.180464842212E-10
0.586990255146E+01  -0.182268680712E-10
0.587495431759E+01  -0.139445060782E-10
0.588000608372E+01  -0.637346560273E-11
0.588505784986E+01  0.253584456225E-11
0.589010961599E+01  0.105378699101E-10
0.589516138212E+01  0.156357967909E-10
0.590021314825E+01  0.165545668896E-10
0.590526491438E+01  0.130299487786E-10
0.591031668052E+01  0.584498501148E-11
0.591536844665E+01  -0.339080739453E-11
0.592042021278E+01  -0.126601916820E-10
0.592547197891E+01  -0.200500128342E-10
0.593052374505E+01  -0.242252663325E-10
0.593557551118E+01  -0.247493280491E-10
0.594062727731E+01  -0.221718302379E-10
0.594567904344E+01  -0.178657181798E-10
0.595073080957E+01  -0.136590218039E-10
0.595578257571E+01  -0.113586814352E-10
0.596083434184E+01  -0.122918753380E-10
0.596588610797E+01  -0.169851285348E-10
0.597093787410E+01  -0.250665765421E-10
0.597598964024E+01  -0.354177869905E-10
0.598104140637E+01  -0.465356335412E-10
0.598609317250E+01  -0.570073585732E-10
0.599114493863E+01  -0.659679047592E-10
0.599619670476E+01  -0.734087989898E-10
0.600124847090E+01  -0.802409413811E-10
0.600630023703E+01  -0.880755196588E-10
0.601135200316E+01  -0.987590463437E-10
0.601640376929E+01  -0.113768947743E-09
0.602145553543E+01  -0.133619362746E-09
0.602650730156E+01  -0.157437473692E-09
0.603155906769E+01  -0.182840824341E-09
0.603661083382E+01  -0.206181690123E-09
0.604166259995E+01  -0.223140250500E-09
0.604671436609E+01  -0.229561780476E-09
