0.100000000000E+01  0.188906626459E-03
0.100505176613E+01  0.187273416742E-03
0.101010353226E+01  0.172992463495E-03
0.101515529840E+01  0.148351846367E-03
0.102020706453E+01  0.116947278247E-03
0.102525883066E+01  0.830727846492E-04
0.103031059679E+01  0.510177304405E-04
0.103536236293E+01  0.243967553772E-04
0.104041412906E+01  0.562950319353E-05
0.104546589519E+01  -0.434437659170E-05
0.105051766132E+01  -0.607604090391E-05
0.105556942745E+01  -0.135749447896E-05
0.106062119359E+01  0.722793000578E-05
0.106567295972E+01  0.168593014993E-04
0.107072472585E+01  0.250263368640E-04
0.107577649198E+01  0.299699566895E-04
0.108082825812E+01  0.309398769412E-04
0.108588002425E+01  0.282341759870E-04
0.109093179038E+01  0.230306852822E-04
0.109598355651E+01  0.170604792514E-04
0.110103532264E+01  0.122018029712E-04
0.110608708878E+01  0.100834452857E-04
0.111113885491E+01  0.117785800941E-04
0.111619062104E+01  0.176460757655E-04
0.112124238717E+01  0.273420027641E-04
0.112629415331E+01  0.399871835712E-04
0.113134591944E+01  0.544449311918E-04
0.113639768557E+01  0.696429531205E-04
0.114144945170E+01  0.848683680585E-04
0.114650121783E+01  0.999751373664E-04
0.115155298397E+01  0.115465929446E-03
0.115660475010E+01  0.132440011762E-03
0.116165651623E+01  0.152428506253E-03
0.116670828236E+01  0.177161844322E-03
0.117176004850E+01  0.208326764093E-03
0.117681181463E+01  0.247369552773E-03
0.118186358076E+01  0.295389248085E-03
0.118691534689E+01  0.353142618213E-03
0.119196711302E+01  0.421157164088E-03
0.119701887916E+01  0.499924920499E-03
0.120207064529E+01  0.590133537518E-03
0.120712241142E+01  0.692885261448E-03
0.121217417755E+01  0.809859821753E-03
0.121722594369E+01  0.943392162988E-03
0.122227770982E+01  0.109645669418E-02
0.122732947595E+01  0.127257138959E-02
0.123238124208E+01  0.147565278887E-02
0.123743300821E+01  0.170986291539E-02
0.124248477435E+01  0.197948944584E-02
0.124753654048E+01  0.228889144179E-02
0.125258830661E+01  0.264252699245E-02
0.125764007274E+01  0.304506007588E-02
0.126269183888E+01  0.350152622258E-02
0.126774360501E+01  0.401752409796E-02
0.127279537114E+01  0.459939551025E-02
0.127784713727E+01  0.525436033461E-02
0.128289890340E+01  0.599058419008E-02
0.128795066954E+01  0.681717256236E-02
0.129300243567E+01  0.774410166264E-02
0.129805420180E+01  0.878210984633E-02
0.130310596793E+01  0.994258090692E-02
0.130815773407E+01  0.112374505056E-01
0.131320950020E+01  0.126791596575E-01
0.131826126633E+01  0.142806664776E-01
0.132331303246E+01  0.160555123653E-01
0.132836479859E+01  0.180179249681E-01
0.133341656473E+01  0.201829307261E-01
0.133846833086E+01  0.225664465941E-01
0.134352009699E+01  0.251853241911E-01
0.134857186312E+01  0.280573290862E-01
0.135362362926E+01  0.312010508442E-01
0.135867539539E+01  0.346357527688E-01
0.136372716152E+01  0.383811809358E-01
0.136877892765E+01  0.424573577490E-01
0.137383069378E+01  0.468843847552E-01
0.137888245992E+01  0.516822731337E-01
0.138393422605E+01  0.568708097731E-01
0.138898599218E+01  0.624694547423E-01
0.139403775831E+01  0.684972550986E-01
0.139908952445E+01  0.749727528810E-01
0.140414129058E+01  0.819138633575E-01
0.140919305671E+01  0.893377034684E-01
0.141424482284E+01  0.972603589140E-01
0.141929658897E+01  0.105696589461E+00
0.142434835511E+01  0.114659483198E+00
0.142940012124E+01  0.124160079149E+00
0.143445188737E+01  0.134206981975E+00
0.143950365350E+01  0.144805991630E+00
0.144455541964E+01  0.155959765198E+00
0.144960718577E+01  0.167667519200E+00
0.145465895190E+01  0.179924770634E+00
0.145971071803E+01  0.192723106305E+00
0.146476248416E+01  0.206049964666E+00
0.146981425030E+01  0.219888413630E+00
0.147486601643E+01  0.234216911723E+00
0.147991778256E+01  0.249009047625E+00
0.148496954869E+01  0.264233262702E+00
0.149002131483E+01  0.279852570371E+00
0.149507308096E+01  0.295824293021E+00
0.150012484709E+01  0.312099840094E+00
0.150517661322E+01  0.328624549362E+00
0.151022837935E+01  0.345337607806E+00
0.151528014549E+01  0.362172060221E+00
0.152033191162E+01  0.379054904636E+00
0.152538367775E+01  0.395907265964E+00
0.153043544388E+01  0.412644634585E+00
0.153548721002E+01  0.429177155851E+00
0.154053897615E+01  0.445409959639E+00
0.154559074228E+01  0.461243525252E+00
0.155064250841E+01  0.476574084468E+00
0.155569427454E+01  0.491294072497E+00
0.156074604068E+01  0.505292641239E+00
0.156579780681E+01  0.518456250383E+00
0.157084957294E+01  0.530669349154E+00
0.157590133907E+01  0.541815155451E+00
0.158095310521E+01  0.551776531027E+00
0.158600487134E+01  0.560436942926E+00
0.159105663747E+01  0.567681494436E+00
0.159610840360E+01  0.573398004647E+00
0.160116016973E+01  0.577478115098E+00
0.160621193587E+01  0.579818404741E+00
0.161126370200E+01  0.580321499684E+00
0.161631546813E+01  0.578897170388E+00
0.162136723426E+01  0.575463414584E+00
0.162641900040E+01  0.569947527581E+00
0.163147076653E+01  0.562287162090E+00
0.163652253266E+01  0.552431376869E+00
0.164157429879E+01  0.540341668122E+00
0.164662606492E+01  0.525992970808E+00
0.165167783106E+01  0.509374610467E+00
0.165672959719E+01  0.490491181307E+00
0.166178136332E+01  0.469363324268E+00
0.166683312945E+01  0.446028380098E+00
0.167188489559E+01  0.420540896822E+00
0.167693666172E+01  0.392972977505E+00
0.168198842785E+01  0.363414461420E+00
0.168704019398E+01  0.331972938271E+00
0.169209196011E+01  0.298773599607E+00
0.169714372625E+01  0.263958933345E+00
0.170219549238E+01  0.227688266316E+00
0.170724725851E+01  0.190137156530E+00
0.171229902464E+01  0.151496632697E+00
0.171735079078E+01  0.111972274644E+00
0.172240255691E+01  0.717831261320E-01
0.172745432304E+01  0.311604319480E-01
0.173250608917E+01  -0.965380557560E-02
0.173755785530E+01  -0.504084496719E-01
0.174260962144E+01  -0.908450235656E-01
0.174766138757E+01  -0.130699660235E+00
0.175271315370E+01  -0.169705184928E+00
0.175776491983E+01  -0.207593303375E+00
0.176281668596E+01  -0.244096866936E+00
0.176786845210E+01  -0.278952186900E+00
0.177292021823E+01  -0.311901373235E+00
0.177797198436E+01  -0.342694677189E+00
0.178302375049E+01  -0.371092821072E+00
0.178807551663E+01  -0.396869301061E+00
0.179312728276E+01  -0.419812649416E+00
0.179817904889E+01  -0.439728640712E+00
0.180323081502E+01  -0.456442423070E+00
0.180828258115E+01  -0.469800550773E+00
0.181333434729E+01  -0.479672890232E+00
0.181838611342E+01  -0.485954368191E+00
0.182343787955E+01  -0.488566530190E+00
0.182848964568E+01  -0.487458879098E+00
0.183354141182E+01  -0.482609967811E+00
0.183859317795E+01  -0.474028226319E+00
0.184364494408E+01  -0.461752510263E+00
0.184869671021E+01  -0.445852364721E+00
0.185374847634E+01  -0.426428002193E+00
0.185880024248E+01  -0.403609997131E+00
0.186385200861E+01  -0.377558700595E+00
0.186890377474E+01  -0.348463378223E+00
0.187395554087E+01  -0.316541073455E+00
0.187900730701E+01  -0.282035196834E+00
0.188405907314E+01  -0.245213842207E+00
0.188911083927E+01  -0.206367832455E+00
0.189416260540E+01  -0.165808501225E+00
0.189921437153E+01  -0.123865222811E+00
0.190426613767E+01  -0.808827090381E-01
0.190931790380E+01  -0.372180989466E-01
0.191436966993E+01  0.676212698197E-02
0.191942143606E+01  0.506853720437E-01
0.192447320220E+01  0.941762499446E-01
0.192952496833E+01  0.136859975026E+00
0.193457673446E+01  0.178365780267E+00
0.193962850059E+01  0.218330330257E+00
0.194468026672E+01  0.256401099410E+00
0.194973203286E+01  0.292239687995E+00
0.195478379899E+01  0.325525049504E+00
0.195983556512E+01  0.355956602282E+00
0.196488733125E+01  0.383257196534E+00
0.196993909739E+01  0.407175905414E+00
0.197499086352E+01  0.427490606757E+00
0.198004262965E+01  0.444010321026E+00
0.198509439578E+01  0.456577271874E+00
0.199014616191E+01  0.465068638644E+00
0.199519792805E+01  0.469397975065E+00
0.200024969418E+01  0.469516274783E+00
0.200530146031E+01  0.465412671386E+00
0.201035322644E+01  0.457114767392E+00
0.201540499258E+01  0.444688592381E+00
0.202045675871E+01  0.428238194660E+00
0.202550852484E+01  0.407904873382E+00
0.203056029097E+01  0.383866059183E+00
0.203561205710E+01  0.356333851817E+00
0.204066382324E+01  0.325553223664E+00
0.204571558937E+01  0.291799899150E+00
0.205076735550E+01  0.255377922561E+00
0.205581912163E+01  0.216616930677E+00
0.206087088777E+01  0.175869151816E+00
0.206592265390E+01  0.133506158823E+00
0.207097442003E+01  0.899154093995E-01
0.207602618616E+01  0.454966121834E-01
0.208107795229E+01  0.657960452864E-03
0.208612971843E+01  -0.441877231117E-01
0.209118148456E+01  -0.886268875687E-01
0.209623325069E+01  -0.132249159690E+00
0.210128501682E+01  -0.174651216626E+00
0.210633678296E+01  -0.215440590252E+00
0.211138854909E+01  -0.254239370819E+00
0.211644031522E+01  -0.290687779214E+00
0.212149208135E+01  -0.324447577645E+00
0.212654384748E+01  -0.355205288191E+00
0.213159561362E+01  -0.382675187803E+00
0.213664737975E+01  -0.406602047740E+00
0.214169914588E+01  -0.426763585726E+00
0.214675091201E+01  -0.442972600842E+00
0.215180267815E+01  -0.455078764607E+00
0.215685444428E+01  -0.462970046665E+00
0.216190621041E+01  -0.466573759663E+00
0.216695797654E+01  -0.465857214601E+00
0.217200974267E+01  -0.460827984326E+00
0.217706150881E+01  -0.451533778499E+00
0.218211327494E+01  -0.438061937616E+00
0.218716504107E+01  -0.420538556583E+00
0.219221680720E+01  -0.399127250036E+00
0.219726857334E+01  -0.374027572565E+00
0.220232033947E+01  -0.345473107821E+00
0.220737210560E+01  -0.313729241783E+00
0.221242387173E+01  -0.279090637633E+00
0.221747563786E+01  -0.241878432920E+00
0.222252740400E+01  -0.202437183858E+00
0.222757917013E+01  -0.161131586210E+00
0.223263093626E+01  -0.118343006814E+00
0.223768270239E+01  -0.744658636030E-01
0.224273446853E+01  -0.299038945244E-01
0.224778623466E+01  0.149336431979E-01
0.225283800079E+01  0.596358026508E-01
0.225788976692E+01  0.103793766733E+00
0.226294153305E+01  0.147004621375E+00
0.226799329919E+01  0.188875049244E+00
0.227304506532E+01  0.229024913322E+00
0.227809683145E+01  0.267090701671E+00
0.228314859758E+01  0.302728805743E+00
0.228820036372E+01  0.335618604948E+00
0.229325212985E+01  0.365465330132E+00
0.229830389598E+01  0.392002678785E+00
0.230335566211E+01  0.414995155588E+00
0.230840742824E+01  0.434240113807E+00
0.231345919438E+01  0.449569476206E+00
0.231851096051E+01  0.460851118498E+00
0.232356272664E+01  0.467989903606E+00
0.232861449277E+01  0.470928360558E+00
0.233366625891E+01  0.469647007288E+00
0.233871802504E+01  0.464164321228E+00
0.234376979117E+01  0.454536365304E+00
0.234882155730E+01  0.440856079379E+00
0.235387332343E+01  0.423252248801E+00
0.235892508957E+01  0.401888162590E+00
0.236397685570E+01  0.376959974633E+00
0.236902862183E+01  0.348694782322E+00
0.237408038796E+01  0.317348438892E+00
0.237913215410E+01  0.283203118212E+00
0.238418392023E+01  0.246564654071E+00
0.238923568636E+01  0.207759679554E+00
0.239428745249E+01  0.167132595621E+00
0.239933921862E+01  0.125042400889E+00
0.240439098476E+01  0.818594165102E-01
0.240944275089E+01  0.379619407305E-01
0.241449451702E+01  -0.626713290248E-02
0.241954628315E+01  -0.504437012734E-01
0.242459804929E+01  -0.941858112211E-01
0.242964981542E+01  -0.137116965078E+00
0.243470158155E+01  -0.178869346585E+00
0.243975334768E+01  -0.219086943082E+00
0.244480511381E+01  -0.257428540752E+00
0.244985687995E+01  -0.293570569949E+00
0.245490864608E+01  -0.327209777689E+00
0.245996041221E+01  -0.358065704454E+00
0.246501217834E+01  -0.385882943136E+00
0.247006394448E+01  -0.410433159413E+00
0.247511571061E+01  -0.431516855337E+00
0.248016747674E+01  -0.448964861301E+00
0.248521924287E+01  -0.462639545632E+00
0.249027100900E+01  -0.472435735388E+00
0.249532277514E+01  -0.478281346135E+00
0.250037454127E+01  -0.480137722070E+00
0.250542630740E+01  -0.477999690677E+00
0.251047807353E+01  -0.471895338006E+00
0.251552983967E+01  -0.461885511830E+00
0.252058160580E+01  -0.448063060633E+00
0.252563337193E+01  -0.430551816970E+00
0.253068513806E+01  -0.409505334617E+00
0.253573690419E+01  -0.385105390309E+00
0.254078867033E+01  -0.357560262906E+00
0.254584043646E+01  -0.327102805408E+00
0.255089220259E+01  -0.293988328108E+00
0.255594396872E+01  -0.258492314017E+00
0.256099573486E+01  -0.220907990077E+00
0.256604750099E+01  -0.181543779303E+00
0.257109926712E+01  -0.140720659717E+00
0.257615103325E+01  -0.987694556790E-01
0.258120279938E+01  -0.560280862058E-01
0.258625456552E+01  -0.128387933962E-01
0.259130633165E+01  0.304546275265E-01
0.259635809778E+01  0.735095764201E-01
0.260140986391E+01  0.115987355462E+00
0.260646163005E+01  0.157555816590E+00
0.261151339618E+01  0.197891930265E+00
0.261656516231E+01  0.236684256357E+00
0.262161692844E+01  0.273635297809E+00
0.262666869457E+01  0.308463717880E+00
0.263172046071E+01  0.340906402672E+00
0.263677222684E+01  0.370720352216E+00
0.264182399297E+01  0.397684385749E+00
0.264687575910E+01  0.421600649642E+00
0.265192752524E+01  0.442295919532E+00
0.265697929137E+01  0.459622691163E+00
0.266203105750E+01  0.473460057022E+00
0.266708282363E+01  0.483714367831E+00
0.267213458976E+01  0.490319679300E+00
0.267718635590E+01  0.493237985363E+00
0.268223812203E+01  0.492459239615E+00
0.268728988816E+01  0.488001167124E+00
0.269234165429E+01  0.479908869525E+00
0.269739342043E+01  0.468254227383E+00
0.270244518656E+01  0.453135105510E+00
0.270749695269E+01  0.434674368955E+00
0.271254871882E+01  0.413018719744E+00
0.271760048495E+01  0.388337366726E+00
0.272265225109E+01  0.360820542914E+00
0.272770401722E+01  0.330677886154E+00
0.273275578335E+01  0.298136699769E+00
0.273780754948E+01  0.263440109955E+00
0.274285931562E+01  0.226845136286E+00
0.274791108175E+01  0.188620690992E+00
0.275296284788E+01  0.149045521871E+00
0.275801461401E+01  0.108406113116E+00
0.276306638014E+01  0.669945580972E-01
0.276811814628E+01  0.251064183023E-01
0.277316991241E+01  -0.169614169010E-01
0.277822167854E+01  -0.589128543673E-01
0.278327344467E+01  -0.100454689300E+00
0.278832521081E+01  -0.141298649333E+00
0.279337697694E+01  -0.181163374759E+00
0.279842874307E+01  -0.219776319952E+00
0.280348050920E+01  -0.256875562379E+00
0.280853227533E+01  -0.292211507374E+00
0.281358404147E+01  -0.325548478770E+00
0.281863580760E+01  -0.356666187341E+00
0.282368757373E+01  -0.385361070603E+00
0.282873933986E+01  -0.411447498706E+00
0.283379110600E+01  -0.434758841904E+00
0.283884287213E+01  -0.455148395545E+00
0.284389463826E+01  -0.472490158734E+00
0.284894640439E+01  -0.486679463144E+00
0.285399817052E+01  -0.497633448922E+00
0.285904993666E+01  -0.505291385511E+00
0.286410170279E+01  -0.509614836464E+00
0.286915346892E+01  -0.510587668910E+00
0.287420523505E+01  -0.508215910147E+00
0.287925700119E+01  -0.502527455605E+00
0.288430876732E+01  -0.493571634051E+00
0.288936053345E+01  -0.481418637116E+00
0.289441229958E+01  -0.466158821040E+00
0.289946406571E+01  -0.447901888869E+00
0.290451583185E+01  -0.426775961367E+00
0.290956759798E+01  -0.402926544732E+00
0.291461936411E+01  -0.376515403028E+00
0.291967113024E+01  -0.347719343256E+00
0.292472289638E+01  -0.316728921198E+00
0.292977466251E+01  -0.283747076746E+00
0.293482642864E+01  -0.248987708121E+00
0.293987819477E+01  -0.212674195271E+00
0.294492996090E+01  -0.175037883458E+00
0.294998172704E+01  -0.136316538593E+00
0.295503349317E+01  -0.967527860488E-01
0.296008525930E+01  -0.565925444417E-01
0.296513702543E+01  -0.160834653339E-01
0.297018879157E+01  0.245266110664E-01
0.297524055770E+01  0.649911750503E-01
0.298029232383E+01  0.105066533158E+00
0.298534408996E+01  0.144513253013E+00
0.299039585609E+01  0.183097560211E+00
0.299544762223E+01  0.220592680480E+00
0.300049938836E+01  0.256780120366E+00
0.300555115449E+01  0.291450879738E+00
0.301060292062E+01  0.324406589430E+00
0.301565468676E+01  0.355460567615E+00
0.302070645289E+01  0.384438789029E+00
0.302575821902E+01  0.411180761947E+00
0.303080998515E+01  0.435540308838E+00
0.303586175128E+01  0.457386247806E+00
0.304091351742E+01  0.476602973039E+00
0.304596528355E+01  0.493090933572E+00
0.305101704968E+01  0.506767010464E+00
0.305606881581E+01  0.517564793089E+00
0.306112058195E+01  0.525434755562E+00
0.306617234808E+01  0.530344334550E+00
0.307122411421E+01  0.532277909778E+00
0.307627588034E+01  0.531236688779E+00
0.308132764647E+01  0.527238497681E+00
0.308637941261E+01  0.520317480331E+00
0.309143117874E+01  0.510523708696E+00
0.309648294487E+01  0.497922708228E+00
0.310153471100E+01  0.482594902687E+00
0.310658647714E+01  0.464634983604E+00
0.311163824327E+01  0.444151210151E+00
0.311669000940E+01  0.421264645486E+00
0.312174177553E+01  0.396108335817E+00
0.312679354166E+01  0.368826438312E+00
0.313184530780E+01  0.339573303833E+00
0.313689707393E+01  0.308512520254E+00
0.314194884006E+01  0.275815921963E+00
0.314700060619E+01  0.241662571086E+00
0.315205237233E+01  0.206237716045E+00
0.315710413846E+01  0.169731733224E+00
0.316215590459E+01  0.132339057740E+00
0.316720767072E+01  0.942571094886E-01
0.317225943685E+01  0.556852207638E-01
0.317731120299E+01  0.168235716757E-01
0.318236296912E+01  -0.221278605994E-01
0.318741473525E+01  -0.609703330644E-01
0.319246650138E+01  -0.995073434298E-01
0.319751826751E+01  -0.137545607210E+00
0.320257003365E+01  -0.174896001149E+00
0.320762179978E+01  -0.211374469138E+00
0.321267356591E+01  -0.246802887081E+00
0.321772533204E+01  -0.281009883389E+00
0.322277709818E+01  -0.313831611899E+00
0.322782886431E+01  -0.345112474196E+00
0.323288063044E+01  -0.374705788439E+00
0.323793239657E+01  -0.402474402093E+00
0.324298416270E+01  -0.428291246284E+00
0.324803592884E+01  -0.452039829987E+00
0.325308769497E+01  -0.473614672693E+00
0.325813946110E+01  -0.492921674792E+00
0.326319122723E+01  -0.509878425304E+00
0.326824299337E+01  -0.524414447065E+00
0.327329475950E+01  -0.536471379729E+00
0.327834652563E+01  -0.546003101191E+00
0.328339829176E+01  -0.552975788198E+00
0.328845005789E+01  -0.557367917050E+00
0.329350182403E+01  -0.559170205470E+00
0.329855359016E+01  -0.558385496929E+00
0.330360535629E+01  -0.555028589007E+00
0.330865712242E+01  -0.549126007701E+00
0.331370888856E+01  -0.540715729955E+00
0.331876065469E+01  -0.529846856996E+00
0.332381242082E+01  -0.516579241368E+00
0.332886418695E+01  -0.500983070688E+00
0.333391595308E+01  -0.483138411264E+00
0.333896771922E+01  -0.463134714669E+00
0.334401948535E+01  -0.441070290332E+00
0.334907125148E+01  -0.417051747127E+00
0.335412301761E+01  -0.391193406928E+00
0.335917478375E+01  -0.363616693126E+00
0.336422654988E+01  -0.334449497251E+00
0.336927831601E+01  -0.303825526993E+00
0.337433008214E+01  -0.271883639112E+00
0.337938184827E+01  -0.238767160886E+00
0.338443361441E+01  -0.204623203816E+00
0.338948538054E+01  -0.169601973238E+00
0.339453714667E+01  -0.133856077343E+00
0.339958891280E+01  -0.975398388371E-01
0.340464067894E+01  -0.608086121121E-01
0.340969244507E+01  -0.238181085468E-01
0.341474421120E+01  0.132762677411E-01
0.341979597733E+01  0.503200714781E-01
0.342484774346E+01  0.871604529643E-01
0.342989950960E+01  0.123646777678E+00
0.343495127573E+01  0.159631226354E+00
0.344000304186E+01  0.194969373027E+00
0.344505480799E+01  0.229520738503E+00
0.345010657413E+01  0.263149316845E+00
0.345515834026E+01  0.295724072721E+00
0.346021010639E+01  0.327119407879E+00
0.346526187252E+01  0.357215595472E+00
0.347031363865E+01  0.385899181475E+00
0.347536540479E+01  0.413063352824E+00
0.348041717092E+01  0.438608272157E+00
0.348546893705E+01  0.462441379162E+00
0.349052070318E+01  0.484477658430E+00
0.349557246932E+01  0.504639873524E+00
0.350062423545E+01  0.522858766777E+00
0.350567600158E+01  0.539073224169E+00
0.351072776771E+01  0.553230404602E+00
0.351577953384E+01  0.565285833103E+00
0.352083129998E+01  0.575203457822E+00
0.352588306611E+01  0.582955671207E+00
0.353093483224E+01  0.588523296279E+00
0.353598659837E+01  0.591895539466E+00
0.354103836451E+01  0.593069911763E+00
0.354609013064E+01  0.592052120164E+00
0.355114189677E+01  0.588855931191E+00
0.355619366290E+01  0.583503008090E+00
0.356124542903E+01  0.576022722827E+00
0.356629719517E+01  0.566451943682E+00
0.357134896130E+01  0.554834798924E+00
0.357640072743E+01  0.541222417025E+00
0.358145249356E+01  0.525672644015E+00
0.358650425970E+01  0.508249739017E+00
0.359155602583E+01  0.489024049511E+00
0.359660779196E+01  0.468071668452E+00
0.360165955809E+01  0.445474075812E+00
0.360671132422E+01  0.421317767361E+00
0.361176309036E+01  0.395693873444E+00
0.361681485649E+01  0.368697770215E+00
0.362186662262E+01  0.340428685249E+00
0.362691838875E+01  0.310989298855E+00
0.363197015489E+01  0.280485341863E+00
0.363702192102E+01  0.249025190274E+00
0.364207368715E+01  0.216719457103E+00
0.364712545328E+01  0.183680581925E+00
0.365217721941E+01  0.150022419106E+00
0.365722898555E+01  0.115859826285E+00
0.366228075168E+01  0.813082552438E-01
0.366733251781E+01  0.464833477329E-01
0.367238428394E+01  0.115005388985E-01
0.367743605008E+01  -0.235253291993E-01
0.368248781621E+01  -0.584803820406E-01
0.368753958234E+01  -0.932520738368E-01
0.369259134847E+01  -0.127729535003E+00
0.369764311460E+01  -0.161803906103E+00
0.370269488074E+01  -0.195368658854E+00
0.370774664687E+01  -0.228319904825E+00
0.371279841300E+01  -0.260556692153E+00
0.371785017913E+01  -0.291981290027E+00
0.372290194527E+01  -0.322499460027E+00
0.372795371140E+01  -0.352020712734E+00
0.373300547753E+01  -0.380458547675E+00
0.373805724366E+01  -0.407730674590E+00
0.374310900979E+01  -0.433759214368E+00
0.374816077593E+01  -0.458470878655E+00
0.375321254206E+01  -0.481797128019E+00
0.375826430819E+01  -0.503674309385E+00
0.376331607432E+01  -0.524043774197E+00
0.376836784046E+01  -0.542851979044E+00
0.377341960659E+01  -0.560050570444E+00
0.377847137272E+01  -0.575596455035E+00
0.378352313885E+01  -0.589451855639E+00
0.378857490498E+01  -0.601584352875E+00
0.379362667112E+01  -0.611966911290E+00
0.379867843725E+01  -0.620577888539E+00
0.380373020338E+01  -0.627401026205E+00
0.380878196951E+01  -0.632425421276E+00
0.381383373565E+01  -0.635645478095E+00
0.381888550178E+01  -0.637060841570E+00
0.382393726791E+01  -0.636676313353E+00
0.382898903404E+01  -0.634501753354E+00
0.383404080017E+01  -0.630551969189E+00
0.383909256631E+01  -0.624846595935E+00
0.384414433244E+01  -0.617409967915E+00
0.384919609857E+01  -0.608270983285E+00
0.385424786470E+01  -0.597462961251E+00
0.385929963084E+01  -0.585023490948E+00
0.386435139697E+01  -0.570994270600E+00
0.386940316310E+01  -0.555420935705E+00
0.387445492923E+01  -0.538352875513E+00
0.387950669536E+01  -0.519843038027E+00
0.388455846150E+01  -0.499947724783E+00
0.388961022763E+01  -0.478726377658E+00
0.389466199376E+01  -0.456241360514E+00
0.389971375989E+01  -0.432557738650E+00
0.390476552603E+01  -0.407743058588E+00
0.390981729216E+01  -0.381867129878E+00
0.391486905829E+01  -0.355001809490E+00
0.391992082442E+01  -0.327220788258E+00
0.392497259055E+01  -0.298599378036E+00
0.393002435669E+01  -0.269214297824E+00
0.393507612282E+01  -0.239143457352E+00
0.394012788895E+01  -0.208465737306E+00
0.394517965508E+01  -0.177260766441E+00
0.395023142122E+01  -0.145608696996E+00
0.395528318735E+01  -0.113589980802E+00
0.396033495348E+01  -0.812851490149E-01
0.396538671961E+01  -0.487745984102E-01
0.397043848574E+01  -0.161383865574E-01
0.397549025188E+01  0.165439628412E-01
0.398054201801E+01  0.491936444428E-01
0.398559378414E+01  0.817327467701E-01
0.399064555027E+01  0.114084420750E+00
0.399569731641E+01  0.146173043583E+00
0.400074908254E+01  0.177924379913E+00
0.400580084867E+01  0.209265741359E+00
0.401085261480E+01  0.240126144263E+00
0.401590438093E+01  0.270436464243E+00
0.402095614707E+01  0.300129585121E+00
0.402600791320E+01  0.329140539323E+00
0.403105967933E+01  0.357406637005E+00
0.403611144546E+01  0.384867581920E+00
0.404116321160E+01  0.411465573303E+00
0.404621497773E+01  0.437145394426E+00
0.405126674386E+01  0.461854489751E+00
0.405631850999E+01  0.485543033386E+00
0.406137027612E+01  0.508163991747E+00
0.406642204226E+01  0.529673182756E+00
0.407147380839E+01  0.550029332872E+00
0.407652557452E+01  0.569194131805E+00
0.408157734065E+01  0.587132283440E+00
0.408662910679E+01  0.603811550437E+00
0.409168087292E+01  0.619202789612E+00
0.409673263905E+01  0.633279975460E+00
0.410178440518E+01  0.646020210196E+00
0.410683617131E+01  0.657403720074E+00
0.411188793745E+01  0.667413839266E+00
0.411693970358E+01  0.676036983875E+00
0.412199146971E+01  0.683262619384E+00
0.412704323584E+01  0.689083224863E+00
0.413209500198E+01  0.693494256487E+00
0.413714676811E+01  0.696494111678E+00
0.414219853424E+01  0.698084093555E+00
0.414725030037E+01  0.698268373960E+00
0.415230206650E+01  0.697053952289E+00
0.415735383264E+01  0.694450607071E+00
0.416240559877E+01  0.690470837715E+00
0.416745736490E+01  0.685129795005E+00
0.417250913103E+01  0.678445200522E+00
0.417756089717E+01  0.670437256784E+00
0.418261266330E+01  0.661128551194E+00
0.418766442943E+01  0.650543957520E+00
0.419271619556E+01  0.638710538463E+00
0.419776796169E+01  0.625657451903E+00
0.420281972783E+01  0.611415861909E+00
0.420787149396E+01  0.596018853845E+00
0.421292326009E+01  0.579501351406E+00
0.421797502622E+01  0.561900032402E+00
0.422302679236E+01  0.543253239983E+00
0.422807855849E+01  0.523600886654E+00
0.423313032462E+01  0.502984349819E+00
0.423818209075E+01  0.481446359348E+00
0.424323385688E+01  0.459030879399E+00
0.424828562302E+01  0.435782987971E+00
0.425333738915E+01  0.411748758232E+00
0.425838915528E+01  0.386975145223E+00
0.426344092141E+01  0.361509880419E+00
0.426849268755E+01  0.335401374823E+00
0.427354445368E+01  0.308698629449E+00
0.427859621981E+01  0.281451150424E+00
0.428364798594E+01  0.253708865072E+00
0.428869975207E+01  0.225522035333E+00
0.429375151821E+01  0.196941165777E+00
0.429880328434E+01  0.168016905093E+00
0.430385505047E+01  0.138799941845E+00
0.430890681660E+01  0.109340897140E+00
0.431395858274E+01  0.796902180386E-01
0.431901034887E+01  0.498980759341E-01
0.432406211500E+01  0.200142735473E-01
0.432911388113E+01  -0.991183729858E-02
0.433416564726E+01  -0.398314268769E-01
0.433921741340E+01  -0.696962495089E-01
0.434426917953E+01  -0.994586996329E-01
0.434932094566E+01  -0.129071866149E+00
0.435437271179E+01  -0.158489588992E+00
0.435942447793E+01  -0.187666520732E+00
0.436447624406E+01  -0.216558194128E+00
0.436952801019E+01  -0.245121094490E+00
0.437457977632E+01  -0.273312733782E+00
0.437963154245E+01  -0.301091722277E+00
0.438468330859E+01  -0.328417833333E+00
0.438973507472E+01  -0.355252057730E+00
0.439478684085E+01  -0.381556645692E+00
0.439983860698E+01  -0.407295136896E+00
0.440489037312E+01  -0.432432380868E+00
0.440994213925E+01  -0.456934551759E+00
0.441499390538E+01  -0.480769162139E+00
0.442004567151E+01  -0.503905080001E+00
0.442509743764E+01  -0.526312551740E+00
0.443014920378E+01  -0.547963231771E+00
0.443520096991E+01  -0.568830217166E+00
0.444025273604E+01  -0.588888083789E+00
0.444530450217E+01  -0.608112919322E+00
0.445035626831E+01  -0.626482348573E+00
0.445540803444E+01  -0.643975547580E+00
0.446045980057E+01  -0.660573245000E+00
0.446551156670E+01  -0.676257711606E+00
0.447056333283E+01  -0.691012740972E+00
0.447561509897E+01  -0.704823625916E+00
0.448066686510E+01  -0.717677135753E+00
0.448571863123E+01  -0.729561498725E+00
0.449077039736E+01  -0.740466392209E+00
0.449582216350E+01  -0.750382940992E+00
0.450087392963E+01  -0.759303721444E+00
0.450592569576E+01  -0.767222767509E+00
0.451097746189E+01  -0.774135573474E+00
0.451602922802E+01  -0.780039088724E+00
0.452108099416E+01  -0.784931701083E+00
0.452613276029E+01  -0.788813207618E+00
0.453118452642E+01  -0.791684774314E+00
0.453623629255E+01  -0.793548888328E+00
0.454128805869E+01  -0.794409307982E+00
0.454633982482E+01  -0.794271015883E+00
0.455139159095E+01  -0.793140179604E+00
0.455644335708E+01  -0.791024122278E+00
0.456149512321E+01  -0.787931302892E+00
0.456654688935E+01  -0.783871303472E+00
0.457159865548E+01  -0.778854818467E+00
0.457665042161E+01  -0.772893640834E+00
0.458170218774E+01  -0.766000639851E+00
0.458675395388E+01  -0.758189727391E+00
0.459180572001E+01  -0.749475811967E+00
0.459685748614E+01  -0.739874742566E+00
0.460190925227E+01  -0.729403246644E+00
0.460696101840E+01  -0.718078867964E+00
0.461201278454E+01  -0.705919909993E+00
0.461706455067E+01  -0.692945389230E+00
0.462211631680E+01  -0.679175000486E+00
0.462716808293E+01  -0.664629093281E+00
0.463221984907E+01  -0.649328655854E+00
0.463727161520E+01  -0.633295301423E+00
0.464232338133E+01  -0.616551250731E+00
0.464737514746E+01  -0.599119305765E+00
0.465242691359E+01  -0.581022811578E+00
0.465747867973E+01  -0.562285606008E+00
0.466253044586E+01  -0.542931959969E+00
0.466758221199E+01  -0.522986513392E+00
0.467263397812E+01  -0.502474213006E+00
0.467768574425E+01  -0.481420257922E+00
0.468273751039E+01  -0.459850057283E+00
0.468778927652E+01  -0.437789201558E+00
0.469284104265E+01  -0.415263445942E+00
0.469789280878E+01  -0.392298701601E+00
0.470294457492E+01  -0.368921028687E+00
0.470799634105E+01  -0.345156624743E+00
0.471304810718E+01  -0.321031803281E+00
0.471809987331E+01  -0.296572959730E+00
0.472315163944E+01  -0.271806525127E+00
0.472820340558E+01  -0.246758910982E+00
0.473325517171E+01  -0.221456451066E+00
0.473830693784E+01  -0.195925346885E+00
0.474335870397E+01  -0.170191622965E+00
0.474841047011E+01  -0.144281096045E+00
0.475346223624E+01  -0.118219359208E+00
0.475851400237E+01  -0.920317786597E-01
0.476356576850E+01  -0.657434980387E-01
0.476861753463E+01  -0.393794435209E-01
0.477366930077E+01  -0.129643229002E-01
0.477872106690E+01  0.134773865868E-01
0.478377283303E+01  0.399214641153E-01
0.478882459916E+01  0.663439837889E-01
0.479387636530E+01  0.927213615735E-01
0.479892813143E+01  0.119030404137E+00
0.480397989756E+01  0.145248352343E+00
0.480903166369E+01  0.171352913106E+00
0.481408342982E+01  0.197322275800E+00
0.481913519596E+01  0.223135112816E+00
0.482418696209E+01  0.248770567403E+00
0.482923872822E+01  0.274208234788E+00
0.483429049435E+01  0.299428144028E+00
0.483934226049E+01  0.324410747753E+00
0.484439402662E+01  0.349136924986E+00
0.484944579275E+01  0.373587998982E+00
0.485449755888E+01  0.397745768293E+00
0.485954932501E+01  0.421592545929E+00
0.486460109115E+01  0.445111199293E+00
0.486965285728E+01  0.468285183135E+00
0.487470462341E+01  0.491098559124E+00
0.487975638954E+01  0.513535998589E+00
0.488480815568E+01  0.535582768707E+00
0.488985992181E+01  0.557224706228E+00
0.489491168794E+01  0.578448185610E+00
0.489996345407E+01  0.599240089703E+00
0.490501522020E+01  0.619587790462E+00
0.491006698634E+01  0.639479144668E+00
0.491511875247E+01  0.658902506036E+00
0.492017051860E+01  0.677846751004E+00
0.492522228473E+01  0.696301312106E+00
0.493027405087E+01  0.714256210767E+00
0.493532581700E+01  0.731702081293E+00
0.494037758313E+01  0.748630179623E+00
0.494542934926E+01  0.765032373854E+00
0.495048111539E+01  0.780901117671E+00
0.495553288153E+01  0.796229411788E+00
0.496058464766E+01  0.811010761267E+00
0.496563641379E+01  0.825239137560E+00
0.497068817992E+01  0.838908952995E+00
0.497573994606E+01  0.852015052481E+00
0.498079171219E+01  0.864552723056E+00
0.498584347832E+01  0.876517717629E+00
0.499089524445E+01  0.887906285731E+00
0.499594701058E+01  0.898715202281E+00
0.500099877672E+01  0.908941785659E+00
0.500605054285E+01  0.918583898723E+00
0.501110230898E+01  0.927639930341E+00
0.501615407511E+01  0.936108759523E+00
0.502120584125E+01  0.943989708367E+00
0.502625760738E+01  0.951282492724E+00
0.503130937351E+01  0.957987180108E+00
0.503636113964E+01  0.964104162750E+00
0.504141290577E+01  0.969634150212E+00
0.504646467191E+01  0.974578181344E+00
0.505151643804E+01  0.978937650806E+00
0.505656820417E+01  0.982714341852E+00
0.506161997030E+01  0.985910455479E+00
0.506667173644E+01  0.988528626830E+00
0.507172350257E+01  0.990571922658E+00
0.507677526870E+01  0.992043818112E+00
0.508182703483E+01  0.992948156071E+00
0.508687880096E+01  0.993289096461E+00
0.509193056710E+01  0.993071065592E+00
0.509698233323E+01  0.992298715730E+00
0.510203409936E+01  0.990976902939E+00
0.510708586549E+01  0.989110687130E+00
0.511213763163E+01  0.986705353120E+00
0.511718939776E+01  0.983766446657E+00
0.512224116389E+01  0.980299815863E+00
0.512729293002E+01  0.976311647260E+00
0.513234469615E+01  0.971808486850E+00
0.513739646229E+01  0.966797240255E+00
0.514244822842E+01  0.961285151000E+00
0.514749999455E+01  0.955279761313E+00
0.515255176068E+01  0.948788864212E+00
0.515760352682E+01  0.941820457946E+00
0.516265529295E+01  0.934382713658E+00
0.516770705908E+01  0.926483964235E+00
0.517275882521E+01  0.918132717564E+00
0.517781059134E+01  0.909337691799E+00
0.518286235748E+01  0.900107865052E+00
0.518791412361E+01  0.890452528568E+00
0.519296588974E+01  0.880381331478E+00
0.519801765587E+01  0.869904307175E+00
0.520306942201E+01  0.859031875598E+00
0.520812118814E+01  0.847774821405E+00
0.521317295427E+01  0.836144253734E+00
0.521822472040E+01  0.824151557708E+00
0.522327648653E+01  0.811808349903E+00
0.522832825267E+01  0.799126449219E+00
0.523338001880E+01  0.786117870982E+00
0.523843178493E+01  0.772794846661E+00
0.524348355106E+01  0.759169865380E+00
0.524853531720E+01  0.745255728050E+00
0.525358708333E+01  0.731065601632E+00
0.525863884946E+01  0.716613060650E+00
0.526369061559E+01  0.701912105661E+00
0.526874238172E+01  0.686977153471E+00
0.527379414786E+01  0.671823000266E+00
0.527884591399E+01  0.656464764953E+00
0.528389768012E+01  0.640917824533E+00
0.528894944625E+01  0.625197755061E+00
0.529400121239E+01  0.609320290292E+00
0.529905297852E+01  0.593301305737E+00
0.530410474465E+01  0.577156829572E+00
0.530915651078E+01  0.560903075111E+00
0.531420827691E+01  0.544556483939E+00
0.531926004305E+01  0.528133765733E+00
0.532431180918E+01  0.511651920921E+00
0.532936357531E+01  0.495128235794E+00
0.533441534144E+01  0.478580245658E+00
0.533946710758E+01  0.462025668703E+00
0.534451887371E+01  0.445482319877E+00
0.534957063984E+01  0.428968018565E+00
0.535462240597E+01  0.412500505174E+00
0.535967417210E+01  0.396097379515E+00
0.536472593824E+01  0.379776068560E+00
0.536977770437E+01  0.363553823986E+00
0.537482947050E+01  0.347447742554E+00
0.537988123663E+01  0.331474796568E+00
0.538493300277E+01  0.315651858804E+00
0.538998476890E+01  0.299995707166E+00
0.539503653503E+01  0.284522998666E+00
0.540008830116E+01  0.269250209361E+00
0.540514006729E+01  0.254193544738E+00
0.541019183343E+01  0.239368832136E+00
0.541524359956E+01  0.224791411203E+00
0.542029536569E+01  0.210476039192E+00
0.542534713182E+01  0.196436824727E+00
0.543039889796E+01  0.182687197295E+00
0.543545066409E+01  0.169239911519E+00
0.544050243022E+01  0.156107077215E+00
0.544555419635E+01  0.143300200213E+00
0.545060596248E+01  0.130830216410E+00
0.545565772862E+01  0.118707503150E+00
0.546070949475E+01  0.106941857537E+00
0.546576126088E+01  0.955424393626E-01
0.547081302701E+01  0.845176852086E-01
0.547586479315E+01  0.738752077387E-01
0.548091655928E+01  0.636216985638E-01
0.548596832541E+01  0.537628531495E-01
0.549102009154E+01  0.443033319827E-01
0.549607185767E+01  0.352467645389E-01
0.550112362381E+01  0.265957932340E-01
0.550617538994E+01  0.183521457028E-01
0.551122715607E+01  0.105167175133E-01
0.551627892220E+01  0.308964533120E-02
0.552133068834E+01  -0.392964683064E-02
0.552638245447E+01  -0.105424388477E-01
0.553143422060E+01  -0.167507443279E-01
0.553648598673E+01  -0.225573702878E-01
0.554153775286E+01  -0.279659898717E-01
0.554658951900E+01  -0.329812071432E-01
0.555164128513E+01  -0.376085937013E-01
0.555669305126E+01  -0.418546824366E-01
0.556174481739E+01  -0.457269129337E-01
0.556679658353E+01  -0.492335337373E-01
0.557184834966E+01  -0.523834764401E-01
0.557690011579E+01  -0.551862229790E-01
0.558195188192E+01  -0.576516890625E-01
0.558700364805E+01  -0.597901428198E-01
0.559205541419E+01  -0.616121693633E-01
0.559710718032E+01  -0.631286808728E-01
0.560215894645E+01  -0.643509606304E-01
0.560721071258E+01  -0.652907207860E-01
0.561226247872E+01  -0.659601496494E-01
0.561731424485E+01  -0.663719260173E-01
0.562236601098E+01  -0.665391851944E-01
0.562741777711E+01  -0.664754323755E-01
0.563246954324E+01  -0.661944114139E-01
0.563752130938E+01  -0.657099478026E-01
0.564257307551E+01  -0.650357913465E-01
0.564762484164E+01  -0.641854848275E-01
0.565267660777E+01  -0.631722796174E-01
0.565772837391E+01  -0.620091088005E-01
0.566278014004E+01  -0.607086152461E-01
0.566783190617E+01  -0.592832192823E-01
0.567288367230E+01  -0.577452011819E-01
0.567793543843E+01  -0.561067699104E-01
0.568298720457E+01  -0.543800925408E-01
0.568803897070E+01  -0.525772678699E-01
0.569309073683E+01  -0.507102410916E-01
0.569814250296E+01  -0.487906708302E-01
0.570319426910E+01  -0.468297720277E-01
0.570824603523E+01  -0.448381651553E-01
0.571329780136E+01  -0.428257621849E-01
0.571834956749E+01  -0.408017125163E-01
0.572340133362E+01  -0.387744191213E-01
0.572845309976E+01  -0.367516194276E-01
0.573350486589E+01  -0.347405105675E-01
0.573855663202E+01  -0.327478880999E-01
0.574360839815E+01  -0.307802637987E-01
0.574866016429E+01  -0.288439326175E-01
0.575371193042E+01  -0.269449706675E-01
0.575876369655E+01  -0.250891624223E-01
0.576381546268E+01  -0.232818726614E-01
0.576886722881E+01  -0.215278928245E-01
0.577391899495E+01  -0.198312990144E-01
0.577897076108E+01  -0.181953578631E-01
0.578402252721E+01  -0.166225068182E-01
0.578907429334E+01  -0.151144191046E-01
0.579412605948E+01  -0.136721443004E-01
0.579917782561E+01  -0.122962975835E-01
0.580422959174E+01  -0.109872585274E-01
0.580928135787E+01  -0.974533692211E-02
0.581433312400E+01  -0.857086958284E-02
0.581938489014E+01  -0.746422731130E-02
0.582443665627E+01  -0.642573183513E-02
0.582948842240E+01  -0.545550400237E-02
0.583454018853E+01  -0.455328173815E-02
0.583959195467E+01  -0.371825506130E-02
0.584464372080E+01  -0.294896341826E-02
0.584969548693E+01  -0.224328776937E-02
0.585474725306E+01  -0.159854883968E-02
0.585979901919E+01  -0.101169831908E-02
0.586485078533E+01  -0.479567193118E-03
0.586990255146E+01  0.879812537153E-06
0.587495431759E+01  0.432338605444E-03
0.588000608372E+01  0.817055069937E-03
0.588505784986E+01  0.115683554432E-02
0.589010961599E+01  0.145317755245E-02
0.589516138212E+01  0.170749179061E-02
0.590021314825E+01  0.192136366660E-02
0.590526491438E+01  0.209679093528E-02
0.591031668052E+01  0.223633642965E-02
0.591536844665E+01  0.234315168053E-02
0.592042021278E+01  0.242085518532E-02
0.592547197891E+01  0.247328233950E-02
0.593052374505E+01  0.250415519599E-02
0.593557551118E+01  0.251674199488E-02
0.594062727731E+01  0.251358330884E-02
0.594567904344E+01  0.249635128529E-02
0.595073080957E+01  0.246588223453E-02
0.595578257571E+01  0.242238577544E-02
0.596083434184E+01  0.236579367006E-02
0.596588610797E+01  0.229617720997E-02
0.597093787410E+01  0.221414159132E-02
0.597598964024E+01  0.212110450801E-02
0.598104140637E+01  0.201938561337E-02
0.598609317250E+01  0.191207048990E-02
0.599114493863E+01  0.180266024985E-02
0.599619670476E+01  0.169456613383E-02
0.600124847090E+01  0.159054707386E-02
0.600630023703E+01  0.149220827825E-02
0.601135200316E+01  0.139967512916E-02
0.601640376929E+01  0.131152852172E-02
0.602145553543E+01  0.122503980415E-02
0.602650730156E+01  0.113668465965E-02
0.603155906769E+01  0.104285721533E-02
0.603661083382E+01  0.940660317698E-03
0.604166259995E+01  0.828625080026E-03
0.604671436609E+01  0.707218052555E-03
