0.100000000000E+01  0.225802867053E-07
0.100505176613E+01  0.286720760040E-07
0.101010353226E+01  0.361390950101E-07
0.101515529840E+01  0.454961521633E-07
0.102020706453E+01  0.573779903236E-07
0.102525883066E+01  0.725418627151E-07
0.103031059679E+01  0.918798780779E-07
0.103536236293E+01  0.116445511044E-06
0.104041412906E+01  0.147496792686E-06
0.104546589519E+01  0.186556630543E-06
0.105051766132E+01  0.235489086186E-06
0.105556942745E+01  0.296589578431E-06
0.106062119359E+01  0.372687224788E-06
0.106567295972E+01  0.467258785702E-06
0.107072472585E+01  0.584555719619E-06
0.107577649198E+01  0.729748263889E-06
0.108082825812E+01  0.909092709615E-06
0.108588002425E+01  0.113012976721E-05
0.109093179038E+01  0.140192279846E-05
0.109598355651E+01  0.173534475201E-05
0.110103532264E+01  0.214342203038E-05
0.110608708878E+01  0.264174266666E-05
0.111113885491E+01  0.324893557214E-05
0.111619062104E+01  0.398722760849E-05
0.112124238717E+01  0.488308626247E-05
0.112629415331E+01  0.596795771324E-05
0.113134591944E+01  0.727911300128E-05
0.113639768557E+01  0.886061845594E-05
0.114144945170E+01  0.107644500206E-04
0.114650121783E+01  0.130517741741E-04
0.115155298397E+01  0.157944204564E-04
0.115660475010E+01  0.190765719614E-04
0.116165651623E+01  0.229967007553E-04
0.116670828236E+01  0.276697752758E-04
0.117176004850E+01  0.332297669070E-04
0.117681181463E+01  0.398324835424E-04
0.118186358076E+01  0.476587595363E-04
0.118691534689E+01  0.569180340757E-04
0.119196711302E+01  0.678523536916E-04
0.119701887916E+01  0.807408389617E-04
0.120207064529E+01  0.959046599009E-04
0.120712241142E+01  0.113712568474E-03
0.121217417755E+01  0.134587039548E-03
0.121722594369E+01  0.159011073018E-03
0.122227770982E+01  0.187535709775E-03
0.122732947595E+01  0.220788312786E-03
0.123238124208E+01  0.259481662283E-03
0.123743300821E+01  0.304423911496E-03
0.124248477435E+01  0.356529447017E-03
0.124753654048E+01  0.416830696101E-03
0.125258830661E+01  0.486490922064E-03
0.125764007274E+01  0.566818048103E-03
0.126269183888E+01  0.659279548750E-03
0.126774360501E+01  0.765518445977E-03
0.127279537114E+01  0.887370442835E-03
0.127784713727E+01  0.102688222077E-02
0.128289890340E+01  0.118633091702E-02
0.128795066954E+01  0.136824478557E-02
0.129300243567E+01  0.157542502992E-02
0.129805420180E+01  0.181096877807E-02
0.130310596793E+01  0.207829315160E-02
0.130815773407E+01  0.238116036150E-02
0.131320950020E+01  0.272370374356E-02
0.131826126633E+01  0.311045462726E-02
0.132331303246E+01  0.354636991138E-02
0.132836479859E+01  0.403686019895E-02
0.133341656473E+01  0.458781832018E-02
0.133846833086E+01  0.520564804562E-02
0.134352009699E+01  0.589729276124E-02
0.134857186312E+01  0.667026384278E-02
0.135362362926E+01  0.753266842924E-02
0.135867539539E+01  0.849323625494E-02
0.136372716152E+01  0.956134515969E-02
0.136877892765E+01  0.107470448570E-01
0.137383069378E+01  0.120610785048E-01
0.137888245992E+01  0.135149015909E-01
0.138393422605E+01  0.151206976228E-01
0.138898599218E+01  0.168913900875E-01
0.139403775831E+01  0.188406501374E-01
0.139908952445E+01  0.209828994458E-01
0.140414129058E+01  0.233333076690E-01
0.140919305671E+01  0.259077839491E-01
0.141424482284E+01  0.287229618833E-01
0.141929658897E+01  0.317961773869E-01
0.142434835511E+01  0.351454388699E-01
0.142940012124E+01  0.387893891512E-01
0.143445188737E+01  0.427472585356E-01
0.143950365350E+01  0.470388084920E-01
0.144455541964E+01  0.516842653905E-01
0.144960718577E+01  0.567042437883E-01
0.145465895190E+01  0.621196587959E-01
0.145971071803E+01  0.679516271161E-01
0.146476248416E+01  0.742213564160E-01
0.146981425030E+01  0.809500227784E-01
0.147486601643E+01  0.881586360764E-01
0.147991778256E+01  0.958678932216E-01
0.148496954869E+01  0.104098019357E+00
0.149002131483E+01  0.112868597195E+00
0.149507308096E+01  0.122198384830E+00
0.150012484709E+01  0.132105122514E+00
0.150517661322E+01  0.142605329011E+00
0.151022837935E+01  0.153714088312E+00
0.151528014549E+01  0.165444827648E+00
0.152033191162E+01  0.177809087880E+00
0.152538367775E+01  0.190816287497E+00
0.153043544388E+01  0.204473481615E+00
0.153548721002E+01  0.218785117474E+00
0.154053897615E+01  0.233752788109E+00
0.154559074228E+01  0.249374985948E+00
0.155064250841E+01  0.265646858251E+00
0.155569427454E+01  0.282559966408E+00
0.156074604068E+01  0.300102051225E+00
0.156579780681E+01  0.318256806477E+00
0.157084957294E+01  0.337003663085E+00
0.157590133907E+01  0.356317586448E+00
0.158095310521E+01  0.376168889538E+00
0.158600487134E+01  0.396523064479E+00
0.159105663747E+01  0.417340635449E+00
0.159610840360E+01  0.438577035748E+00
0.160116016973E+01  0.460182511939E+00
0.160621193587E+01  0.482102057909E+00
0.161126370200E+01  0.504275381624E+00
0.161631546813E+01  0.526636907203E+00
0.162136723426E+01  0.549115814744E+00
0.162641900040E+01  0.571636120079E+00
0.163147076653E+01  0.594116796330E+00
0.163652253266E+01  0.616471938853E+00
0.164157429879E+01  0.638610974756E+00
0.164662606492E+01  0.660438917876E+00
0.165167783106E+01  0.681856669716E+00
0.165672959719E+01  0.702761366522E+00
0.166178136332E+01  0.723046772316E+00
0.166683312945E+01  0.742603717419E+00
0.167188489559E+01  0.761320581629E+00
0.167693666172E+01  0.779083820924E+00
0.168198842785E+01  0.795778536199E+00
0.168704019398E+01  0.811289082174E+00
0.169209196011E+01  0.825499714244E+00
0.169714372625E+01  0.838295270567E+00
0.170219549238E+01  0.849561886284E+00
0.170724725851E+01  0.859187736220E+00
0.171229902464E+01  0.867063801978E+00
0.171735079078E+01  0.873084658805E+00
0.172240255691E+01  0.877149277137E+00
0.172745432304E+01  0.879161833303E+00
0.173250608917E+01  0.879032523444E+00
0.173755785530E+01  0.876678374398E+00
0.174260962144E+01  0.872024045026E+00
0.174766138757E+01  0.865002611284E+00
0.175271315370E+01  0.855556328247E+00
0.175776491983E+01  0.843637362272E+00
0.176281668596E+01  0.829208486540E+00
0.176786845210E+01  0.812243733342E+00
0.177292021823E+01  0.792728996639E+00
0.177797198436E+01  0.770662578654E+00
0.178302375049E+01  0.746055674506E+00
0.178807551663E+01  0.718932789185E+00
0.179312728276E+01  0.689332081485E+00
0.179817904889E+01  0.657305629879E+00
0.180323081502E+01  0.622919615663E+00
0.180828258115E+01  0.586254419177E+00
0.181333434729E+01  0.547404625341E+00
0.181838611342E+01  0.506478935298E+00
0.182343787955E+01  0.463599981536E+00
0.182848964568E+01  0.418904044535E+00
0.183354141182E+01  0.372540669694E+00
0.183859317795E+01  0.324672184074E+00
0.184364494408E+01  0.275473113348E+00
0.184869671021E+01  0.225129500170E+00
0.185374847634E+01  0.173838126120E+00
0.185880024248E+01  0.121805640210E+00
0.186385200861E+01  0.692475978512E-01
0.186890377474E+01  0.163874149834E-01
0.187395554087E+01  -0.365447571186E-01
0.187900730701E+01  -0.893132301286E-01
0.188405907314E+01  -0.141678043132E+00
0.188911083927E+01  -0.193396285738E+00
0.189416260540E+01  -0.244223471768E+00
0.189921437153E+01  -0.293914954920E+00
0.190426613767E+01  -0.342227377384E+00
0.190931790380E+01  -0.388920141937E+00
0.191436966993E+01  -0.433756897711E+00
0.191942143606E+01  -0.476507029488E+00
0.192447320220E+01  -0.516947140128E+00
0.192952496833E+01  -0.554862515524E+00
0.193457673446E+01  -0.590048561375E+00
0.193962850059E+01  -0.622312201025E+00
0.194468026672E+01  -0.651473223699E+00
0.194973203286E+01  -0.677365572631E+00
0.195478379899E+01  -0.699838562904E+00
0.195983556512E+01  -0.718758019186E+00
0.196488733125E+01  -0.734007324090E+00
0.196993909739E+01  -0.745488368482E+00
0.197499086352E+01  -0.753122395739E+00
0.198004262965E+01  -0.756850732720E+00
0.198509439578E+01  -0.756635401030E+00
0.199014616191E+01  -0.752459602972E+00
0.199519792805E+01  -0.744328077485E+00
0.200024969418E+01  -0.732267322242E+00
0.200530146031E+01  -0.716325678995E+00
0.201035322644E+01  -0.696573280193E+00
0.201540499258E+01  -0.673101855830E+00
0.202045675871E+01  -0.646024400448E+00
0.202550852484E+01  -0.615474701222E+00
0.203056029097E+01  -0.581606729009E+00
0.203561205710E+01  -0.544593895295E+00
0.204066382324E+01  -0.504628178965E+00
0.204571558937E+01  -0.461919127808E+00
0.205076735550E+01  -0.416692740691E+00
0.205581912163E+01  -0.369190237211E+00
0.206087088777E+01  -0.319666722590E+00
0.206592265390E+01  -0.268389756347E+00
0.207097442003E+01  -0.215637834046E+00
0.207602618616E+01  -0.161698792067E+00
0.208107795229E+01  -0.106868145921E+00
0.208612971843E+01  -0.514473730732E-01
0.209118148456E+01  0.425784834556E-02
0.209623325069E+01  0.599394333154E-01
0.210128501682E+01  0.115288704334E+00
0.210633678296E+01  0.169998214493E+00
0.211138854909E+01  0.223763567226E+00
0.211644031522E+01  0.276285220746E+00
0.212149208135E+01  0.327270265329E+00
0.212654384748E+01  0.376434161756E+00
0.213159561362E+01  0.423502429514E+00
0.213664737975E+01  0.468212273683E+00
0.214169914588E+01  0.510314139867E+00
0.214675091201E+01  0.549573187034E+00
0.215180267815E+01  0.585770668717E+00
0.215685444428E+01  0.618705213695E+00
0.216190621041E+01  0.648193998029E+00
0.216695797654E+01  0.674073801104E+00
0.217200974267E+01  0.696201939228E+00
0.217706150881E+01  0.714457071216E+00
0.218211327494E+01  0.728739871341E+00
0.218716504107E+01  0.738973565983E+00
0.219221680720E+01  0.745104331283E+00
0.219726857334E+01  0.747101550048E+00
0.220232033947E+01  0.744957927142E+00
0.220737210560E+01  0.738689463496E+00
0.221242387173E+01  0.728335289824E+00
0.221747563786E+01  0.713957362003E+00
0.222252740400E+01  0.695640020964E+00
0.222757917013E+01  0.673489420788E+00
0.223263093626E+01  0.647632829513E+00
0.223768270239E+01  0.618217807963E+00
0.224273446853E+01  0.585411272667E+00
0.224778623466E+01  0.549398449631E+00
0.225283800079E+01  0.510381726423E+00
0.225788976692E+01  0.468579410622E+00
0.226294153305E+01  0.424224403219E+00
0.226799329919E+01  0.377562796052E+00
0.227304506532E+01  0.328852402746E+00
0.227809683145E+01  0.278361232918E+00
0.228314859758E+01  0.226365919685E+00
0.228820036372E+01  0.173150110624E+00
0.229325212985E+01  0.119002832422E+00
0.229830389598E+01  0.642168394666E-01
0.230335566211E+01  0.908695654218E-02
0.230840742824E+01  -0.460915743293E-01
0.231345919438E+01  -0.101024733035E+00
0.231851096051E+01  -0.155421336902E+00
0.232356272664E+01  -0.208994623272E+00
0.232861449277E+01  -0.261463790160E+00
0.233366625891E+01  -0.312555486377E+00
0.233871802504E+01  -0.362005242977E+00
0.234376979117E+01  -0.409558838349E+00
0.234882155730E+01  -0.454973589805E+00
0.235387332343E+01  -0.498019565096E+00
0.235892508957E+01  -0.538480707895E+00
0.236397685570E+01  -0.576155871914E+00
0.236902862183E+01  -0.610859759020E+00
0.237408038796E+01  -0.642423757374E+00
0.237913215410E+01  -0.670696676349E+00
0.238418392023E+01  -0.695545375656E+00
0.238923568636E+01  -0.716855286832E+00
0.239428745249E+01  -0.734530825931E+00
0.239933921862E+01  -0.748495696929E+00
0.240439098476E+01  -0.758693086029E+00
0.240944275089E+01  -0.765085747664E+00
0.241449451702E+01  -0.767655983651E+00
0.241954628315E+01  -0.766405517495E+00
0.242459804929E+01  -0.761355266429E+00
0.242964981542E+01  -0.752545014313E+00
0.243470158155E+01  -0.740032989019E+00
0.243975334768E+01  -0.723895348387E+00
0.244480511381E+01  -0.704225579323E+00
0.244985687995E+01  -0.681133814976E+00
0.245490864608E+01  -0.654746075334E+00
0.245996041221E+01  -0.625203436896E+00
0.246501217834E+01  -0.592661137379E+00
0.247006394448E+01  -0.557287621655E+00
0.247511571061E+01  -0.519263535301E+00
0.248016747674E+01  -0.478780672334E+00
0.248521924287E+01  -0.436040883757E+00
0.249027100900E+01  -0.391254953626E+00
0.249532277514E+01  -0.344641449364E+00
0.250037454127E+01  -0.296425552987E+00
0.250542630740E+01  -0.246837879864E+00
0.251047807353E+01  -0.196113291508E+00
0.251552983967E+01  -0.144489708756E+00
0.252058160580E+01  -0.922069315227E-01
0.252563337193E+01  -0.395054711308E-01
0.253068513806E+01  0.133745990423E-01
0.253573690419E+01  0.661947690586E-01
0.254078867033E+01  0.118719188818E+00
0.254584043646E+01  0.170715730394E+00
0.255089220259E+01  0.221957011655E+00
0.255594396872E+01  0.272221376848E+00
0.256099573486E+01  0.321293830160E+00
0.256604750099E+01  0.368966918646E+00
0.257109926712E+01  0.415041561270E+00
0.257615103325E+01  0.459327821211E+00
0.258120279938E+01  0.501645618954E+00
0.258625456552E+01  0.541825384097E+00
0.259130633165E+01  0.579708644188E+00
0.259635809778E+01  0.615148549292E+00
0.260140986391E+01  0.648010331366E+00
0.260646163005E+01  0.678171697899E+00
0.261151339618E+01  0.705523159592E+00
0.261656516231E+01  0.729968292246E+00
0.262161692844E+01  0.751423933298E+00
0.262666869457E+01  0.769820313795E+00
0.263172046071E+01  0.785101126866E+00
0.263677222684E+01  0.797223534058E+00
0.264182399297E+01  0.806158111154E+00
0.264687575910E+01  0.811888735347E+00
0.265192752524E+01  0.814412415884E+00
0.265697929137E+01  0.813739070535E+00
0.266203105750E+01  0.809891250389E+00
0.266708282363E+01  0.802903815744E+00
0.267213458976E+01  0.792823565936E+00
0.267718635590E+01  0.779708826156E+00
0.268223812203E+01  0.763628994388E+00
0.268728988816E+01  0.744664051703E+00
0.269234165429E+01  0.722904039212E+00
0.269739342043E+01  0.698448505042E+00
0.270244518656E+01  0.671405924714E+00
0.270749695269E+01  0.641893098321E+00
0.271254871882E+01  0.610034527882E+00
0.271760048495E+01  0.575961778245E+00
0.272265225109E+01  0.539812824851E+00
0.272770401722E+01  0.501731391616E+00
0.273275578335E+01  0.461866282153E+00
0.273780754948E+01  0.420370707420E+00
0.274285931562E+01  0.377401612862E+00
0.274791108175E+01  0.333119007935E+00
0.275296284788E+01  0.287685300871E+00
0.275801461401E+01  0.241264641362E+00
0.276306638014E+01  0.194022273739E+00
0.276811814628E+01  0.146123903096E+00
0.277316991241E+01  0.977350766449E-01
0.277822167854E+01  0.490205824370E-01
0.278327344467E+01  0.143867459473E-03
0.278832521081E+01  -0.487335230888E-01
0.279337697694E+01  -0.974524836714E-01
0.279842874307E+01  -0.145856861949E+00
0.280348050920E+01  -0.193793946650E+00
0.280853227533E+01  -0.241114928622E+00
0.281358404147E+01  -0.287675334062E+00
0.281863580760E+01  -0.333335429113E+00
0.282368757373E+01  -0.377960595119E+00
0.282873933986E+01  -0.421421674046E+00
0.283379110600E+01  -0.463595283660E+00
0.283884287213E+01  -0.504364102239E+00
0.284389463826E+01  -0.543617122702E+00
0.284894640439E+01  -0.581249876189E+00
0.285399817052E+01  -0.617164625228E+00
0.285904993666E+01  -0.651270526786E+00
0.286410170279E+01  -0.683483765567E+00
0.286915346892E+01  -0.713727658087E+00
0.287420523505E+01  -0.741932728121E+00
0.287925700119E+01  -0.768036754243E+00
0.288430876732E+01  -0.791984790268E+00
0.288936053345E+01  -0.813729159476E+00
0.289441229958E+01  -0.833229423604E+00
0.289946406571E+01  -0.850452327624E+00
0.290451583185E+01  -0.865371721404E+00
0.290956759798E+01  -0.877968459393E+00
0.291461936411E+01  -0.888230279506E+00
0.291967113024E+01  -0.896151662415E+00
0.292472289638E+01  -0.901733672483E+00
0.292977466251E+01  -0.904983781595E+00
0.293482642864E+01  -0.905915677155E+00
0.293987819477E+01  -0.904549055515E+00
0.294492996090E+01  -0.900909402133E+00
0.294998172704E+01  -0.895027759727E+00
0.295503349317E+01  -0.886940485716E+00
0.296008525930E+01  -0.876689000203E+00
0.296513702543E+01  -0.864319525777E+00
0.297018879157E+01  -0.849882820354E+00
0.297524055770E+01  -0.833433904286E+00
0.298029232383E+01  -0.815031782920E+00
0.298534408996E+01  -0.794739165773E+00
0.299039585609E+01  -0.772622183434E+00
0.299544762223E+01  -0.748750103279E+00
0.300049938836E+01  -0.723195045045E+00
0.300555115449E+01  -0.696031697240E+00
0.301060292062E+01  -0.667337035341E+00
0.301565468676E+01  -0.637190042680E+00
0.302070645289E+01  -0.605671434844E+00
0.302575821902E+01  -0.572863388396E+00
0.303080998515E+01  -0.538849274644E+00
0.303586175128E+01  -0.503713399143E+00
0.304091351742E+01  -0.467540747580E+00
0.304596528355E+01  -0.430416738600E+00
0.305101704968E+01  -0.392426984136E+00
0.305606881581E+01  -0.353657057704E+00
0.306112058195E+01  -0.314192271121E+00
0.306617234808E+01  -0.274117460020E+00
0.307122411421E+01  -0.233516778523E+00
0.307627588034E+01  -0.192473503352E+00
0.308132764647E+01  -0.151069847644E+00
0.308637941261E+01  -0.109386784672E+00
0.309143117874E+01  -0.675038816146E-01
0.309648294487E+01  -0.254991435157E-01
0.310153471100E+01  0.165511325171E-01
0.310658647714E+01  0.585724928367E-01
0.311163824327E+01  0.100492452515E+00
0.311669000940E+01  0.142240610383E+00
0.312174177553E+01  0.183748753927E+00
0.312679354166E+01  0.224950954159E+00
0.313184530780E+01  0.265783650587E+00
0.313689707393E+01  0.306185726455E+00
0.314194884006E+01  0.346098574433E+00
0.314700060619E+01  0.385466152959E+00
0.315205237233E+01  0.424235033468E+00
0.315710413846E+01  0.462354438745E+00
0.316215590459E+01  0.499776272658E+00
0.316720767072E+01  0.536455141574E+00
0.317225943685E+01  0.572348367730E+00
0.317731120299E+01  0.607415994879E+00
0.318236296912E+01  0.641620786543E+00
0.318741473525E+01  0.674928217190E+00
0.319246650138E+01  0.707306456690E+00
0.319751826751E+01  0.738726348399E+00
0.320257003365E+01  0.769161381203E+00
0.320762179978E+01  0.798587655903E+00
0.321267356591E+01  0.826983846267E+00
0.321772533204E+01  0.854331155123E+00
0.322277709818E+01  0.880613265821E+00
0.322782886431E+01  0.905816289418E+00
0.323288063044E+01  0.929928707929E+00
0.323793239657E+01  0.952941313978E+00
0.324298416270E+01  0.974847147160E+00
0.324803592884E+01  0.995641427478E+00
0.325308769497E+01  0.101532148612E+01
0.325813946110E+01  0.103388669394E+01
0.326319122723E+01  0.105133838789E+01
0.326824299337E+01  0.106767979574E+01
0.327329475950E+01  0.108291595937E+01
0.327834652563E+01  0.109705365684E+01
0.328339829176E+01  0.111010132365E+01
0.328845005789E+01  0.112206897328E+01
0.329350182403E+01  0.113296811736E+01
0.329855359016E+01  0.114281168572E+01
0.330360535629E+01  0.115161394648E+01
0.330865712242E+01  0.115939042638E+01
0.331370888856E+01  0.116615783173E+01
0.331876065469E+01  0.117193396985E+01
0.332381242082E+01  0.117673767155E+01
0.332886418695E+01  0.118058871443E+01
0.333391595308E+01  0.118350774752E+01
0.333896771922E+01  0.118551621705E+01
0.334401948535E+01  0.118663629378E+01
0.334907125148E+01  0.118689080173E+01
0.335412301761E+01  0.118630314869E+01
0.335917478375E+01  0.118489725833E+01
0.336422654988E+01  0.118269750425E+01
0.336927831601E+01  0.117972864583E+01
0.337433008214E+01  0.117601576616E+01
0.337938184827E+01  0.117158421192E+01
0.338443361441E+01  0.116645953542E+01
0.338948538054E+01  0.116066743876E+01
0.339453714667E+01  0.115423372017E+01
0.339958891280E+01  0.114718422259E+01
0.340464067894E+01  0.113954478441E+01
0.340969244507E+01  0.113134119254E+01
0.341474421120E+01  0.112259913768E+01
0.341979597733E+01  0.111334417178E+01
0.342484774346E+01  0.110360166789E+01
0.342989950960E+01  0.109339678201E+01
0.343495127573E+01  0.108275441735E+01
0.344000304186E+01  0.107169919061E+01
0.344505480799E+01  0.106025540047E+01
0.345010657413E+01  0.104844699818E+01
0.345515834026E+01  0.103629756026E+01
0.346021010639E+01  0.102383026316E+01
0.346526187252E+01  0.101106785999E+01
0.347031363865E+01  0.998032659128E+00
0.347536540479E+01  0.984746504793E+00
0.348041717092E+01  0.971230759415E+00
0.348546893705E+01  0.957506287823E+00
0.349052070318E+01  0.943593443168E+00
0.349557246932E+01  0.929512054538E+00
0.350062423545E+01  0.915281416199E+00
0.350567600158E+01  0.900920278417E+00
0.351072776771E+01  0.886446839794E+00
0.351577953384E+01  0.871878741062E+00
0.352083129998E+01  0.857233060274E+00
0.352588306611E+01  0.842526309328E+00
0.353093483224E+01  0.827774431768E+00
0.353598659837E+01  0.812992801788E+00
0.354103836451E+01  0.798196224386E+00
0.354609013064E+01  0.783398936607E+00
0.355114189677E+01  0.768614609800E+00
0.355619366290E+01  0.753856352851E+00
0.356124542903E+01  0.739136716314E+00
0.356629719517E+01  0.724467697410E+00
0.357134896130E+01  0.709860745805E+00
0.357640072743E+01  0.695326770152E+00
0.358145249356E+01  0.680876145316E+00
0.358650425970E+01  0.666518720249E+00
0.359155602583E+01  0.652263826458E+00
0.359660779196E+01  0.638120287008E+00
0.360165955809E+01  0.624096426033E+00
0.360671132422E+01  0.610200078689E+00
0.361176309036E+01  0.596438601500E+00
0.361681485649E+01  0.582818883081E+00
0.362186662262E+01  0.569347355157E+00
0.362691838875E+01  0.556030003874E+00
0.363197015489E+01  0.542872381335E+00
0.363702192102E+01  0.529879617349E+00
0.364207368715E+01  0.517056431343E+00
0.364712545328E+01  0.504407144409E+00
0.365217721941E+01  0.491935691452E+00
0.365722898555E+01  0.479645633416E+00
0.366228075168E+01  0.467540169547E+00
0.366733251781E+01  0.455622149671E+00
0.367238428394E+01  0.443894086462E+00
0.367743605008E+01  0.432358167668E+00
0.368248781621E+01  0.421016268284E+00
0.368753958234E+01  0.409869962635E+00
0.369259134847E+01  0.398920536365E+00
0.369764311460E+01  0.388168998305E+00
0.370269488074E+01  0.377616092210E+00
0.370774664687E+01  0.367262308345E+00
0.371279841300E+01  0.357107894908E+00
0.371785017913E+01  0.347152869282E+00
0.372290194527E+01  0.337397029092E+00
0.372795371140E+01  0.327839963066E+00
0.373300547753E+01  0.318481061678E+00
0.373805724366E+01  0.309319527579E+00
0.374310900979E+01  0.300354385782E+00
0.374816077593E+01  0.291584493626E+00
0.375321254206E+01  0.283008550478E+00
0.375826430819E+01  0.274625107200E+00
0.376331607432E+01  0.266432575358E+00
0.376836784046E+01  0.258429236175E+00
0.377341960659E+01  0.250613249232E+00
0.377847137272E+01  0.242982660909E+00
0.378352313885E+01  0.235535412566E+00
0.378857490498E+01  0.228269348467E+00
0.379362667112E+01  0.221182223436E+00
0.379867843725E+01  0.214271710261E+00
0.380373020338E+01  0.207535406825E+00
0.380878196951E+01  0.200970842983E+00
0.381383373565E+01  0.194575487176E+00
0.381888550178E+01  0.188346752792E+00
0.382393726791E+01  0.182282004264E+00
0.382898903404E+01  0.176378562934E+00
0.383404080017E+01  0.170633712654E+00
0.383909256631E+01  0.165044705162E+00
0.384414433244E+01  0.159608765214E+00
0.384919609857E+01  0.154323095482E+00
0.385424786470E+01  0.149184881237E+00
0.385929963084E+01  0.144191294788E+00
0.386435139697E+01  0.139339499718E+00
0.386940316310E+01  0.134626654896E+00
0.387445492923E+01  0.130049918275E+00
0.387950669536E+01  0.125606450489E+00
0.388455846150E+01  0.121293418245E+00
0.388961022763E+01  0.117107997524E+00
0.389466199376E+01  0.113047376587E+00
0.389971375989E+01  0.109108758813E+00
0.390476552603E+01  0.105289365344E+00
0.390981729216E+01  0.101586437576E+00
0.391486905829E+01  0.979972394748E-01
0.391992082442E+01  0.945190597443E-01
0.392497259055E+01  0.911492138274E-01
0.393002435669E+01  0.878850457670E-01
0.393507612282E+01  0.847239299166E-01
0.394012788895E+01  0.816632725123E-01
0.394517965508E+01  0.787005131096E-01
0.395023142122E+01  0.758331258907E-01
0.395528318735E+01  0.730586208491E-01
0.396033495348E+01  0.703745448571E-01
0.396538671961E+01  0.677784826221E-01
0.397043848574E+01  0.652680575378E-01
0.397549025188E+01  0.628409324351E-01
0.398054201801E+01  0.604948102364E-01
0.398559378414E+01  0.582274345185E-01
0.399064555027E+01  0.560365899870E-01
0.399569731641E+01  0.539201028652E-01
0.400074908254E+01  0.518758412019E-01
0.400580084867E+01  0.499017151020E-01
0.401085261480E+01  0.479956768824E-01
0.401590438093E+01  0.461557211603E-01
0.402095614707E+01  0.443798848764E-01
0.402600791320E+01  0.426662472594E-01
0.403105967933E+01  0.410129297342E-01
0.403611144546E+01  0.394180957804E-01
0.404116321160E+01  0.378799507423E-01
0.404621497773E+01  0.363967415946E-01
0.405126674386E+01  0.349667566657E-01
0.405631850999E+01  0.335883253208E-01
0.406137027612E+01  0.322598176064E-01
0.406642204226E+01  0.309796438594E-01
0.407147380839E+01  0.297462542820E-01
0.407652557452E+01  0.285581384853E-01
0.408157734065E+01  0.274138250059E-01
0.408662910679E+01  0.263118807971E-01
0.409168087292E+01  0.252509106988E-01
0.409673263905E+01  0.242295568886E-01
0.410178440518E+01  0.232464983171E-01
0.410683617131E+01  0.223004501290E-01
0.411188793745E+01  0.213901630708E-01
0.411693970358E+01  0.205144228876E-01
0.412199146971E+01  0.196720497081E-01
0.412704323584E+01  0.188618974201E-01
0.413209500198E+01  0.180828530360E-01
0.413714676811E+01  0.173338360510E-01
0.414219853424E+01  0.166137977938E-01
0.414725030037E+01  0.159217207742E-01
0.415230206650E+01  0.152566180272E-01
0.415735383264E+01  0.146175324568E-01
0.416240559877E+01  0.140035361817E-01
0.416745736490E+01  0.134137298828E-01
0.417250913103E+01  0.128472421550E-01
0.417756089717E+01  0.123032288619E-01
0.418261266330E+01  0.117808724952E-01
0.418766442943E+01  0.112793815374E-01
0.419271619556E+01  0.107979898279E-01
0.419776796169E+01  0.103359559331E-01
0.420281972783E+01  0.989256252129E-02
0.420787149396E+01  0.946711574151E-02
0.421292326009E+01  0.905894460998E-02
0.421797502622E+01  0.866740040344E-02
0.422302679236E+01  0.829185606159E-02
0.422807855849E+01  0.793170559937E-02
0.423313032462E+01  0.758636352967E-02
0.423818209075E+01  0.725526429661E-02
0.424323385688E+01  0.693786171911E-02
0.424828562302E+01  0.663362844422E-02
0.425333738915E+01  0.634205540954E-02
0.425838915528E+01  0.606265131425E-02
0.426344092141E+01  0.579494209841E-02
0.426849268755E+01  0.553847043083E-02
0.427354445368E+01  0.529279520582E-02
0.427859621981E+01  0.505749104962E-02
0.428364798594E+01  0.483214783750E-02
0.428869975207E+01  0.461637022222E-02
0.429375151821E+01  0.440977717436E-02
0.429880328434E+01  0.421200153476E-02
0.430385505047E+01  0.402268957876E-02
0.430890681660E+01  0.384150059161E-02
0.431395858274E+01  0.366810645430E-02
0.431901034887E+01  0.350219123884E-02
0.432406211500E+01  0.334345081240E-02
0.432911388113E+01  0.319159244986E-02
0.433416564726E+01  0.304633445476E-02
0.433921741340E+01  0.290740578898E-02
0.434426917953E+01  0.277454571186E-02
0.434932094566E+01  0.264750342917E-02
0.435437271179E+01  0.252603775281E-02
0.435942447793E+01  0.240991677128E-02
0.436447624406E+01  0.229891753101E-02
0.436952801019E+01  0.219282572808E-02
0.437457977632E+01  0.209143540951E-02
0.437963154245E+01  0.199454868321E-02
0.438468330859E+01  0.190197543584E-02
0.438973507472E+01  0.181353305759E-02
0.439478684085E+01  0.172904617379E-02
0.439983860698E+01  0.164834638314E-02
0.440489037312E+01  0.157127200291E-02
0.440994213925E+01  0.149766782176E-02
0.441499390538E+01  0.142738486056E-02
0.442004567151E+01  0.136028014193E-02
0.442509743764E+01  0.129621646844E-02
0.443014920378E+01  0.123506220945E-02
0.443520096991E+01  0.117669109604E-02
0.444025273604E+01  0.112098202319E-02
0.444530450217E+01  0.106781885837E-02
0.445035626831E+01  0.101709025568E-02
0.445540803444E+01  0.968689474777E-03
0.446045980057E+01  0.922514204536E-03
0.446551156670E+01  0.878466391223E-03
0.447056333283E+01  0.836452071733E-03
0.447561509897E+01  0.796381212332E-03
0.448066686510E+01  0.758167553502E-03
0.448571863123E+01  0.721728461274E-03
0.449077039736E+01  0.686984785193E-03
0.449582216350E+01  0.653860722684E-03
0.450087392963E+01  0.622283689268E-03
0.450592569576E+01  0.592184193880E-03
0.451097746189E+01  0.563495718412E-03
0.451602922802E+01  0.536154600729E-03
0.452108099416E+01  0.510099920626E-03
0.452613276029E+01  0.485273388533E-03
0.453118452642E+01  0.461619237092E-03
0.453623629255E+01  0.439084116032E-03
0.454128805869E+01  0.417616990896E-03
0.454633982482E+01  0.397169046154E-03
0.455139159095E+01  0.377693593092E-03
0.455644335708E+01  0.359145982534E-03
0.456149512321E+01  0.341483522183E-03
0.456654688935E+01  0.324665398007E-03
0.457159865548E+01  0.308652598950E-03
0.457665042161E+01  0.293407844189E-03
0.458170218774E+01  0.278895512266E-03
0.458675395388E+01  0.265081571681E-03
0.459180572001E+01  0.251933512855E-03
0.459685748614E+01  0.239420281678E-03
0.460190925227E+01  0.227512215101E-03
0.460696101840E+01  0.216180979356E-03
0.461201278454E+01  0.205399511314E-03
0.461706455067E+01  0.195141963327E-03
0.462211631680E+01  0.185383651584E-03
0.462716808293E+01  0.176101007734E-03
0.463221984907E+01  0.167271533224E-03
0.463727161520E+01  0.158873755652E-03
0.464232338133E+01  0.150887186463E-03
0.464737514746E+01  0.143292279383E-03
0.465242691359E+01  0.136070389304E-03
0.465747867973E+01  0.129203731614E-03
0.466253044586E+01  0.122675342250E-03
0.466758221199E+01  0.116469039003E-03
0.467263397812E+01  0.110569384591E-03
0.467768574425E+01  0.104961652061E-03
0.468273751039E+01  0.996317927537E-04
0.468778927652E+01  0.945664068745E-04
0.469284104265E+01  0.897527163616E-04
0.469789280878E+01  0.851785395301E-04
0.470294457492E+01  0.808322668458E-04
0.470799634105E+01  0.767028371879E-04
0.471304810718E+01  0.727797141358E-04
0.471809987331E+01  0.690528620588E-04
0.472315163944E+01  0.655127220889E-04
0.472820340558E+01  0.621501883168E-04
0.473325517171E+01  0.589565847288E-04
0.473830693784E+01  0.559236434416E-04
0.474335870397E+01  0.530434846863E-04
0.474841047011E+01  0.503085987871E-04
0.475346223624E+01  0.477118300956E-04
0.475851400237E+01  0.452463625701E-04
0.476356576850E+01  0.429057064853E-04
0.476861753463E+01  0.406836856613E-04
0.477366930077E+01  0.385744246551E-04
0.477872106690E+01  0.365723355216E-04
0.478377283303E+01  0.346721040137E-04
0.478882459916E+01  0.328686753613E-04
0.479387636530E+01  0.311572400127E-04
0.479892813143E+01  0.295332198537E-04
0.480397989756E+01  0.279922554303E-04
0.480903166369E+01  0.265301945861E-04
0.481408342982E+01  0.251430826963E-04
0.481913519596E+01  0.238271544211E-04
0.482418696209E+01  0.225788266513E-04
0.482923872822E+01  0.213946921346E-04
0.483429049435E+01  0.202715132265E-04
0.483934226049E+01  0.192062152678E-04
0.484439402662E+01  0.181958792819E-04
0.484944579275E+01  0.172377339262E-04
0.485449755888E+01  0.163291468963E-04
0.485954932501E+01  0.154676161816E-04
0.486460109115E+01  0.146507616826E-04
0.486965285728E+01  0.138763176726E-04
0.487470462341E+01  0.131421264599E-04
0.487975638954E+01  0.124461333800E-04
0.488480815568E+01  0.117863829961E-04
0.488985992181E+01  0.111610161652E-04
0.489491168794E+01  0.105682674801E-04
0.489996345407E+01  0.100064625735E-04
0.490501522020E+01  0.947401485553E-05
0.491006698634E+01  0.896942144865E-05
0.491511875247E+01  0.849125831740E-05
0.492017051860E+01  0.803817483658E-05
0.492522228473E+01  0.760888819663E-05
0.493027405087E+01  0.720217813797E-05
0.493532581700E+01  0.681688245226E-05
0.494037758313E+01  0.645189354143E-05
0.494542934926E+01  0.610615611332E-05
0.495048111539E+01  0.577866585169E-05
0.495553288153E+01  0.546846871518E-05
0.496058464766E+01  0.517466038960E-05
0.496563641379E+01  0.489638543498E-05
0.497068817992E+01  0.463283576536E-05
0.497573994606E+01  0.438324828992E-05
0.498079171219E+01  0.414690177211E-05
0.498584347832E+01  0.392311316307E-05
0.499089524445E+01  0.371123383138E-05
0.499594701058E+01  0.351064611897E-05
0.500099877672E+01  0.332076062498E-05
0.500605054285E+01  0.314101444249E-05
0.501110230898E+01  0.297087037253E-05
0.501615407511E+01  0.280981692717E-05
0.502120584125E+01  0.265736876459E-05
0.502625760738E+01  0.251306712225E-05
0.503130937351E+01  0.237647983811E-05
0.503636113964E+01  0.224720066238E-05
0.504141290577E+01  0.212484775198E-05
0.504646467191E+01  0.200906144977E-05
0.505151643804E+01  0.189950162680E-05
0.505656820417E+01  0.179584498021E-05
0.506161997030E+01  0.169778269329E-05
0.506667173644E+01  0.160501878791E-05
0.507172350257E+01  0.151726933782E-05
0.507677526870E+01  0.143426251868E-05
0.508182703483E+01  0.135573928219E-05
0.508687880096E+01  0.128145430890E-05
0.509193056710E+01  0.121117683850E-05
0.509698233323E+01  0.114469102554E-05
0.510203409936E+01  0.108179559268E-05
0.510708586549E+01  0.102230272841E-05
0.511213763163E+01  0.966036366673E-06
0.511718939776E+01  0.912830132904E-06
0.512224116389E+01  0.862525322512E-06
0.512729293002E+01  0.814969271575E-06
0.513234469615E+01  0.770014385434E-06
0.513739646229E+01  0.727517933761E-06
0.514244822842E+01  0.687342547135E-06
0.514749999455E+01  0.649357188977E-06
0.515255176068E+01  0.613438270747E-06
0.515760352682E+01  0.579470560648E-06
0.516265529295E+01  0.547347592063E-06
0.516770705908E+01  0.516971408381E-06
0.517275882521E+01  0.488251643106E-06
0.517781059134E+01  0.461104098031E-06
0.518286235748E+01  0.435449099244E-06
0.518791412361E+01  0.411209961666E-06
0.519296588974E+01  0.388311862438E-06
0.519801765587E+01  0.366681324154E-06
0.520306942201E+01  0.346246363657E-06
0.520812118814E+01  0.326937202500E-06
0.521317295427E+01  0.308687312905E-06
0.521822472040E+01  0.291434491439E-06
0.522327648653E+01  0.275121668250E-06
0.522832825267E+01  0.259697221051E-06
0.523338001880E+01  0.245114695466E-06
0.523843178493E+01  0.231331972242E-06
0.524348355106E+01  0.218310064218E-06
0.524853531720E+01  0.206011799128E-06
0.525358708333E+01  0.194400676674E-06
0.525863884946E+01  0.183440134731E-06
0.526369061559E+01  0.173093360255E-06
0.526874238172E+01  0.163323645594E-06
0.527379414786E+01  0.154095165374E-06
0.527884591399E+01  0.145373949036E-06
0.528389768012E+01  0.137128792773E-06
0.528894944625E+01  0.129331866272E-06
0.529400121239E+01  0.121958864746E-06
0.529905297852E+01  0.114988661474E-06
0.530410474465E+01  0.108402544438E-06
0.530915651078E+01  0.102183211747E-06
0.531420827691E+01  0.963137671139E-07
0.531926004305E+01  0.907769318892E-07
0.532431180918E+01  0.855546458947E-07
0.532936357531E+01  0.806281226695E-07
0.533441534144E+01  0.759783129270E-07
0.533946710758E+01  0.715866389781E-07
0.534451887371E+01  0.674357953884E-07
0.534957063984E+01  0.635104087973E-07
0.535462240597E+01  0.597973922741E-07
0.535967417210E+01  0.562859075619E-07
0.536472593824E+01  0.529669540279E-07
0.536977770437E+01  0.498326916156E-07
0.537482947050E+01  0.468756698788E-07
0.537988123663E+01  0.440881432916E-07
0.538493300277E+01  0.414616386737E-07
0.538998476890E+01  0.389868555646E-07
0.539503653503E+01  0.366539040709E-07
0.540008830116E+01  0.344527947227E-07
0.540514006729E+01  0.323740369280E-07
0.541019183343E+01  0.304091831134E-07
0.541524359956E+01  0.285511753735E-07
0.542029536569E+01  0.267944103156E-07
0.542534713182E+01  0.251345153598E-07
0.543039889796E+01  0.235679049358E-07
0.543545066409E+01  0.220912404092E-07
0.544050243022E+01  0.207009389548E-07
0.544555419635E+01  0.193928567392E-07
0.545060596248E+01  0.181622173068E-07
0.545565772862E+01  0.170037924764E-07
0.546070949475E+01  0.159122646557E-07
0.546576126088E+01  0.148826639051E-07
0.547081302701E+01  0.139107408986E-07
0.547586479315E+01  0.129931727456E-07
0.548091655928E+01  0.121275369402E-07
0.548596832541E+01  0.113120676679E-07
0.549102009154E+01  0.105452624147E-07
0.549607185767E+01  0.982545805517E-08
0.550112362381E+01  0.915050091984E-08
0.550617538994E+01  0.851761040717E-08
0.551122715607E+01  0.792348265159E-08
0.551627892220E+01  0.736460830163E-08
0.552133068834E+01  0.683771039595E-08
0.552638245447E+01  0.634017864185E-08
0.553143422060E+01  0.587035601259E-08
0.553648598673E+01  0.542759328767E-08
0.554153775286E+01  0.501202049557E-08
0.554658951900E+01  0.462409069414E-08
0.555164128513E+01  0.426400937937E-08
0.555669305126E+01  0.393120303816E-08
0.556174481739E+01  0.362398739740E-08
0.556679658353E+01  0.333954433942E-08
0.557184834966E+01  0.307424001498E-08
0.557690011579E+01  0.282422705303E-08
0.558195188192E+01  0.258618166236E-08
0.558700364805E+01  0.235798568685E-08
0.559205541419E+01  0.213915593161E-08
0.559710718032E+01  0.193088387331E-08
0.560215894645E+01  0.173563262769E-08
0.560721071258E+01  0.155637434379E-08
0.561226247872E+01  0.139562547262E-08
0.561731424485E+01  0.125453045745E-08
0.562236601098E+01  0.113223834641E-08
0.562741777711E+01  0.102575870460E-08
0.563246954324E+01  0.930377483491E-09
0.563752130938E+01  0.840565362327E-09
0.564257307551E+01  0.751181357899E-09
0.564762484164E+01  0.658684895226E-09
0.565267660777E+01  0.562039029055E-09
0.565772837391E+01  0.463050427440E-09
0.566278014004E+01  0.366014261662E-09
0.566783190617E+01  0.276700128515E-09
0.567288367230E+01  0.200891544259E-09
0.567793543843E+01  0.142815637680E-09
0.568298720457E+01  0.103854095875E-09
0.568803897070E+01  0.818854546900E-10
0.569309073683E+01  0.714647633802E-10
0.569814250296E+01  0.648601367006E-10
0.570319426910E+01  0.537451534530E-10
0.570824603523E+01  0.311651606990E-10
0.571329780136E+01  -0.669606402765E-11
0.571834956749E+01  -0.594049355024E-10
0.572340133362E+01  -0.122147106414E-09
0.572845309976E+01  -0.186676183202E-09
0.573350486589E+01  -0.243179882889E-09
0.573855663202E+01  -0.282662034445E-09
0.574360839815E+01  -0.299283596510E-09
0.574866016429E+01  -0.292075757589E-09
0.575371193042E+01  -0.265561235346E-09
0.575876369655E+01  -0.229050861033E-09
0.576381546268E+01  -0.194709390335E-09
0.576886722881E+01  -0.174775751696E-09
0.577391899495E+01  -0.178574918255E-09
0.577897076108E+01  -0.210041995661E-09
0.578402252721E+01  -0.266403720302E-09
0.578907429334E+01  -0.338418469036E-09
0.579412605948E+01  -0.412223391253E-09
0.579917782561E+01  -0.472440298123E-09
0.580422959174E+01  -0.505860691427E-09
0.580928135787E+01  -0.504851249439E-09
0.581433312400E+01  -0.469616966818E-09
0.581938489014E+01  -0.408694954221E-09
0.582443665627E+01  -0.337435719432E-09
0.582948842240E+01  -0.274698750771E-09
0.583454018853E+01  -0.238455610422E-09
0.583959195467E+01  -0.241287419179E-09
0.584464372080E+01  -0.286873427520E-09
0.584969548693E+01  -0.368394430269E-09
0.585474725306E+01  -0.469377865011E-09
0.585979901919E+01  -0.566950212776E-09
0.586485078533E+01  -0.636885658996E-09
0.586990255146E+01  -0.659350954858E-09
0.587495431759E+01  -0.624005882082E-09
0.588000608372E+01  -0.533173254587E-09
0.588505784986E+01  -0.402160438711E-09
0.589010961599E+01  -0.256437864577E-09
0.589516138212E+01  -0.126102127879E-09
0.590021314825E+01  -0.387555755485E-10
0.590526491438E+01  -0.123766216211E-10
0.591031668052E+01  -0.499042914852E-10
0.591536844665E+01  -0.136974233779E-09
0.592042021278E+01  -0.243618822614E-09
0.592547197891E+01  -0.329860852249E-09
0.593052374505E+01  -0.354206134331E-09
0.593557551118E+01  -0.283272107380E-09
0.594062727731E+01  -0.100361172152E-09
0.594567904344E+01  0.189148032962E-09
0.595073080957E+01  0.557171688238E-09
0.595578257571E+01  0.957669934659E-09
0.596083434184E+01  0.133619505064E-08
0.596588610797E+01  0.164251165511E-08
0.597093787410E+01  0.184368252737E-08
0.597598964024E+01  0.193466059917E-08
0.598104140637E+01  0.194369805688E-08
0.598609317250E+01  0.193076352031E-08
0.599114493863E+01  0.197852657834E-08
0.599619670476E+01  0.217702340281E-08
0.600124847090E+01  0.260458354912E-08
0.600630023703E+01  0.330861433062E-08
0.601135200316E+01  0.429020305513E-08
0.601640376929E+01  0.549603474757E-08
0.602145553543E+01  0.681994185426E-08
0.602650730156E+01  0.811464821105E-08
0.603155906769E+01  0.921229767727E-08
0.603661083382E+01  0.995056603300E-08
0.604166259995E+01  0.101998706010E-07
0.604671436609E+01  0.988675444388E-08
