0.100000000000E+01  0.228452490174E-04
0.100505176613E+01  0.226561114683E-04
0.101010353226E+01  0.209472951384E-04
0.101515529840E+01  0.179993922970E-04
0.102020706453E+01  0.142511618543E-04
0.102525883066E+01  0.102256632515E-04
0.103031059679E+01  0.644519109191E-05
0.103536236293E+01  0.335035357139E-05
0.104041412906E+01  0.123744217196E-05
0.104546589519E+01  0.224414933327E-06
0.105051766132E+01  0.250160869968E-06
0.105556942745E+01  0.110537002002E-05
0.106062119359E+01  0.248755047945E-05
0.106567295972E+01  0.406861409771E-05
0.107072472585E+01  0.556173802086E-05
0.107577649198E+01  0.677514121402E-05
0.108082825812E+01  0.764370062689E-05
0.108588002425E+01  0.823421947936E-05
0.109093179038E+01  0.872560771109E-05
0.109598355651E+01  0.937012947732E-05
0.110103532264E+01  0.104452610104E-04
0.110608708878E+01  0.122069778797E-04
0.111113885491E+01  0.148543050512E-04
0.111619062104E+01  0.185120372933E-04
0.112124238717E+01  0.232343764605E-04
0.112629415331E+01  0.290277625262E-04
0.113134591944E+01  0.358873427021E-04
0.113639768557E+01  0.438390941890E-04
0.114144945170E+01  0.529790256016E-04
0.114650121783E+01  0.635021559262E-04
0.115155298397E+01  0.757167381451E-04
0.115660475010E+01  0.900427882105E-04
0.116165651623E+01  0.106997586227E-03
0.116670828236E+01  0.127173659753E-03
0.117176004850E+01  0.151216264779E-03
0.117681181463E+01  0.179807290103E-03
0.118186358076E+01  0.213660925077E-03
0.118691534689E+01  0.253533768863E-03
0.119196711302E+01  0.300248956086E-03
0.119701887916E+01  0.354731030846E-03
0.120207064529E+01  0.418046331123E-03
0.120712241142E+01  0.491442941451E-03
0.121217417755E+01  0.576384929832E-03
0.121722594369E+01  0.674577395924E-03
0.122227770982E+01  0.787981366019E-03
0.122732947595E+01  0.918820184699E-03
0.123238124208E+01  0.106958118291E-02
0.123743300821E+01  0.124301758875E-02
0.124248477435E+01  0.144215566085E-02
0.124753654048E+01  0.167031090519E-02
0.125258830661E+01  0.193111527787E-02
0.125764007274E+01  0.222855494540E-02
0.126269183888E+01  0.256701600586E-02
0.126774360501E+01  0.295133404206E-02
0.127279537114E+01  0.338684279803E-02
0.127784713727E+01  0.387941772716E-02
0.128289890340E+01  0.443551150588E-02
0.128795066954E+01  0.506218049224E-02
0.129300243567E+01  0.576710307890E-02
0.129805420180E+01  0.655859248425E-02
0.130310596793E+01  0.744560738502E-02
0.130815773407E+01  0.843776373839E-02
0.131320950020E+01  0.954535020553E-02
0.131826126633E+01  0.107793480043E-01
0.132331303246E+01  0.121514541587E-01
0.132836479859E+01  0.136741054024E-01
0.133341656473E+01  0.153604988024E-01
0.133846833086E+01  0.172246047563E-01
0.134352009699E+01  0.192811684249E-01
0.134857186312E+01  0.215456967848E-01
0.135362362926E+01  0.240344300220E-01
0.135867539539E+01  0.267642975821E-01
0.136372716152E+01  0.297528604666E-01
0.136877892765E+01  0.330182420508E-01
0.137383069378E+01  0.365790496480E-01
0.137888245992E+01  0.404542883153E-01
0.138393422605E+01  0.446632671779E-01
0.138898599218E+01  0.492254971591E-01
0.139403775831E+01  0.541605777846E-01
0.139908952445E+01  0.594880699880E-01
0.140414129058E+01  0.652273517580E-01
0.140919305671E+01  0.713974540789E-01
0.141424482284E+01  0.780168757945E-01
0.141929658897E+01  0.851033775226E-01
0.142434835511E+01  0.926737562565E-01
0.142940012124E+01  0.100743603496E+00
0.143445188737E+01  0.109327050438E+00
0.143950365350E+01  0.118436503823E+00
0.144455541964E+01  0.128082375531E+00
0.144960718577E+01  0.138272808149E+00
0.145465895190E+01  0.149013397695E+00
0.145971071803E+01  0.160306913906E+00
0.146476248416E+01  0.172153018039E+00
0.146981425030E+01  0.184547978335E+00
0.147486601643E+01  0.197484383984E+00
0.147991778256E+01  0.210950859632E+00
0.148496954869E+01  0.224931783849E+00
0.149002131483E+01  0.239407016321E+00
0.149507308096E+01  0.254351639542E+00
0.150012484709E+01  0.269735721311E+00
0.150517661322E+01  0.285524104251E+00
0.151022837935E+01  0.301676227978E+00
0.151528014549E+01  0.318145988588E+00
0.152033191162E+01  0.334881639009E+00
0.152538367775E+01  0.351825732801E+00
0.153043544388E+01  0.368915113285E+00
0.153548721002E+01  0.386080949657E+00
0.154053897615E+01  0.403248821921E+00
0.154559074228E+01  0.420338856946E+00
0.155064250841E+01  0.437265918618E+00
0.155569427454E+01  0.453939855516E+00
0.156074604068E+01  0.470265809788E+00
0.156579780681E+01  0.486144590605E+00
0.157084957294E+01  0.501473114831E+00
0.157590133907E+01  0.516144916339E+00
0.158095310521E+01  0.530050723921E+00
0.158600487134E+01  0.543079106180E+00
0.159105663747E+01  0.555117180359E+00
0.159610840360E+01  0.566051380923E+00
0.160116016973E+01  0.575768282956E+00
0.160621193587E+01  0.584155475036E+00
0.161126370200E+01  0.591102476111E+00
0.161631546813E+01  0.596501690871E+00
0.162136723426E+01  0.600249397946E+00
0.162641900040E+01  0.602246764928E+00
0.163147076653E+01  0.602400883444E+00
0.163652253266E+01  0.600625816501E+00
0.164157429879E+01  0.596843649002E+00
0.164662606492E+01  0.590985531007E+00
0.165167783106E+01  0.582992702028E+00
0.165672959719E+01  0.572817483792E+00
0.166178136332E+01  0.560424228392E+00
0.166683312945E+01  0.545790208841E+00
0.167188489559E+01  0.528906439545E+00
0.167693666172E+01  0.509778415103E+00
0.168198842785E+01  0.488426756903E+00
0.168704019398E+01  0.464887758029E+00
0.169209196011E+01  0.439213817899E+00
0.169714372625E+01  0.411473758712E+00
0.170219549238E+01  0.381753016193E+00
0.170724725851E+01  0.350153697375E+00
0.171229902464E+01  0.316794498422E+00
0.171735079078E+01  0.281810475895E+00
0.172240255691E+01  0.245352665614E+00
0.172745432304E+01  0.207587544465E+00
0.173250608917E+01  0.168696332135E+00
0.173755785530E+01  0.128874131838E+00
0.174260962144E+01  0.883289114356E-01
0.174766138757E+01  0.472803288025E-01
0.175271315370E+01  0.595840763693E-02
0.175776491983E+01  -0.353979279614E-01
0.176281668596E+01  -0.765424500799E-01
0.176786845210E+01  -0.117223343277E+00
0.177292021823E+01  -0.157185028015E+00
0.177797198436E+01  -0.196170077799E+00
0.178302375049E+01  -0.233921215783E+00
0.178807551663E+01  -0.270183375674E+00
0.179312728276E+01  -0.304705810772E+00
0.179817904889E+01  -0.337244233758E+00
0.180323081502E+01  -0.367562968529E+00
0.180828258115E+01  -0.395437094102E+00
0.181333434729E+01  -0.420654559455E+00
0.181838611342E+01  -0.443018247341E+00
0.182343787955E+01  -0.462347964729E+00
0.182848964568E+01  -0.478482337654E+00
0.183354141182E+01  -0.491280588840E+00
0.183859317795E+01  -0.500624177545E+00
0.184364494408E+01  -0.506418282409E+00
0.184869671021E+01  -0.508593109678E+00
0.185374847634E+01  -0.507105010749E+00
0.185880024248E+01  -0.501937394608E+00
0.186385200861E+01  -0.493101422262E+00
0.186890377474E+01  -0.480636471801E+00
0.187395554087E+01  -0.464610364314E+00
0.187900730701E+01  -0.445119342609E+00
0.188405907314E+01  -0.422287796688E+00
0.188911083927E+01  -0.396267732228E+00
0.189416260540E+01  -0.367237980897E+00
0.189921437153E+01  -0.335403154253E+00
0.190426613767E+01  -0.300992345955E+00
0.190931790380E+01  -0.264257590131E+00
0.191436966993E+01  -0.225472086645E+00
0.191942143606E+01  -0.184928206765E+00
0.192447320220E+01  -0.142935295107E+00
0.192952496833E+01  -0.998172858304E-01
0.193457673446E+01  -0.559101528092E-01
0.193962850059E+01  -0.115592150691E-01
0.194468026672E+01  0.328836798442E-01
0.194973203286E+01  0.770630705721E-01
0.195478379899E+01  0.120622869443E+00
0.195983556512E+01  0.163209396232E+00
0.196488733125E+01  0.204474430473E+00
0.196993909739E+01  0.244078253665E+00
0.197499086352E+01  0.281692651988E+00
0.198004262965E+01  0.317003849933E+00
0.198509439578E+01  0.349715345422E+00
0.199014616191E+01  0.379550617746E+00
0.199519792805E+01  0.406255680890E+00
0.200024969418E+01  0.429601456450E+00
0.200530146031E+01  0.449385942310E+00
0.201035322644E+01  0.465436155415E+00
0.201540499258E+01  0.477609829178E+00
0.202045675871E+01  0.485796848358E+00
0.202550852484E+01  0.489920406428E+00
0.203056029097E+01  0.489937872740E+00
0.203561205710E+01  0.485841359097E+00
0.204066382324E+01  0.477657977802E+00
0.204571558937E+01  0.465449785944E+00
0.205076735550E+01  0.449313413585E+00
0.205581912163E+01  0.429379376707E+00
0.206087088777E+01  0.405811079138E+00
0.206592265390E+01  0.378803511086E+00
0.207097442003E+01  0.348581655358E+00
0.207602618616E+01  0.315398615545E+00
0.208107795229E+01  0.279533483394E+00
0.208612971843E+01  0.241288965177E+00
0.209118148456E+01  0.200988789066E+00
0.209623325069E+01  0.158974917338E+00
0.210128501682E+01  0.115604588766E+00
0.210633678296E+01  0.712472178686E-01
0.211138854909E+01  0.262811787917E-01
0.211644031522E+01  -0.189094973305E-01
0.212149208135E+01  -0.639384817727E-01
0.212654384748E+01  -0.108420533805E+00
0.213159561362E+01  -0.151974881296E+00
0.213664737975E+01  -0.194228564845E+00
0.214169914588E+01  -0.234819714027E+00
0.214675091201E+01  -0.273400724826E+00
0.215180267815E+01  -0.309641308344E+00
0.215685444428E+01  -0.343231382272E+00
0.216190621041E+01  -0.373883778502E+00
0.216695797654E+01  -0.401336742368E+00
0.217200974267E+01  -0.425356201370E+00
0.217706150881E+01  -0.445737783720E+00
0.218211327494E+01  -0.462308569511E+00
0.218716504107E+01  -0.474928559814E+00
0.219221680720E+01  -0.483491851491E+00
0.219726857334E+01  -0.487927508000E+00
0.220232033947E+01  -0.488200119061E+00
0.220737210560E+01  -0.484310044713E+00
0.221242387173E+01  -0.476293342152E+00
0.221747563786E+01  -0.464221376711E+00
0.222252740400E+01  -0.448200121404E+00
0.222757917013E+01  -0.428369152609E+00
0.223263093626E+01  -0.404900352486E+00
0.223768270239E+01  -0.377996331632E+00
0.224273446853E+01  -0.347888588142E+00
0.224778623466E+01  -0.314835421554E+00
0.225283800079E+01  -0.279119622207E+00
0.225788976692E+01  -0.241045958209E+00
0.226294153305E+01  -0.200938483649E+00
0.226799329919E+01  -0.159137692855E+00
0.227304506532E+01  -0.115997546537E+00
0.227809683145E+01  -0.718823965121E-01
0.228314859758E+01  -0.271638364544E-01
0.228820036372E+01  0.177824932648E-01
0.229325212985E+01  0.625801182237E-01
0.229830389598E+01  0.106854931481E+00
0.230335566211E+01  0.150238355575E+00
0.230840742824E+01  0.192370437094E+00
0.231345919438E+01  0.232902846819E+00
0.231851096051E+01  0.271501759682E+00
0.232356272664E+01  0.307850590344E+00
0.232861449277E+01  0.341652561984E+00
0.233366625891E+01  0.372633087812E+00
0.233871802504E+01  0.400541946881E+00
0.234376979117E+01  0.425155237782E+00
0.234882155730E+01  0.446277095901E+00
0.235387332343E+01  0.463741161950E+00
0.235892508957E+01  0.477411791599E+00
0.236397685570E+01  0.487184998168E+00
0.236902862183E+01  0.492989122628E+00
0.237408038796E+01  0.494785227510E+00
0.237913215410E+01  0.492567213812E+00
0.238418392023E+01  0.486361662569E+00
0.238923568636E+01  0.476227405309E+00
0.239428745249E+01  0.462254830151E+00
0.239933921862E+01  0.444564932659E+00
0.240439098476E+01  0.423308122780E+00
0.240944275089E+01  0.398662801090E+00
0.241449451702E+01  0.370833719276E+00
0.241954628315E+01  0.340050141207E+00
0.242459804929E+01  0.306563822185E+00
0.242964981542E+01  0.270646825027E+00
0.243470158155E+01  0.232589192587E+00
0.243975334768E+01  0.192696497209E+00
0.244480511381E+01  0.151287288365E+00
0.244985687995E+01  0.108690460432E+00
0.245490864608E+01  0.652425631068E-01
0.245996041221E+01  0.212850772979E-01
0.246501217834E+01  -0.228383205406E-01
0.247006394448E+01  -0.667844828476E-01
0.247511571061E+01  -0.110213481836E+00
0.248016747674E+01  -0.152791245233E+00
0.248521924287E+01  -0.194192116259E+00
0.249027100900E+01  -0.234101318436E+00
0.249532277514E+01  -0.272217307043E+00
0.250037454127E+01  -0.308253990450E+00
0.250542630740E+01  -0.341942805901E+00
0.251047807353E+01  -0.373034635710E+00
0.251552983967E+01  -0.401301551207E+00
0.252058160580E+01  -0.426538373196E+00
0.252563337193E+01  -0.448564039143E+00
0.253068513806E+01  -0.467222768882E+00
0.253573690419E+01  -0.482385022311E+00
0.254078867033E+01  -0.493948244304E+00
0.254584043646E+01  -0.501837393983E+00
0.255089220259E+01  -0.506005257355E+00
0.255594396872E+01  -0.506432544292E+00
0.256099573486E+01  -0.503127772600E+00
0.256604750099E+01  -0.496126943712E+00
0.257109926712E+01  -0.485493016044E+00
0.257615103325E+01  -0.471315183489E+00
0.258120279938E+01  -0.453707967758E+00
0.258625456552E+01  -0.432810134368E+00
0.259130633165E+01  -0.408783443119E+00
0.259635809778E+01  -0.381811244805E+00
0.260140986391E+01  -0.352096936853E+00
0.260646163005E+01  -0.319862291399E+00
0.261151339618E+01  -0.285345670151E+00
0.261656516231E+01  -0.248800141081E+00
0.262161692844E+01  -0.210491512624E+00
0.262666869457E+01  -0.170696301463E+00
0.263172046071E+01  -0.129699650256E+00
0.263677222684E+01  -0.877932117047E-01
0.264182399297E+01  -0.452730151957E-01
0.264687575910E+01  -0.243733194574E-02
0.265192752524E+01  0.404154458904E-01
0.265697929137E+01  0.829888972367E-01
0.266203105750E+01  0.124990620934E+00
0.266708282363E+01  0.166134227732E+00
0.267213458976E+01  0.206141262416E+00
0.267718635590E+01  0.244743043741E+00
0.268223812203E+01  0.281682410545E+00
0.268728988816E+01  0.316715363240E+00
0.269234165429E+01  0.349612590705E+00
0.269739342043E+01  0.380160873664E+00
0.270244518656E+01  0.408164356660E+00
0.270749695269E+01  0.433445681981E+00
0.271254871882E+01  0.455846980079E+00
0.271760048495E+01  0.475230712349E+00
0.272265225109E+01  0.491480363319E+00
0.272770401722E+01  0.504500980527E+00
0.273275578335E+01  0.514219561459E+00
0.273780754948E+01  0.520585287921E+00
0.274285931562E+01  0.523569609218E+00
0.274791108175E+01  0.523166176341E+00
0.275296284788E+01  0.519390630278E+00
0.275801461401E+01  0.512280248392E+00
0.276306638014E+01  0.501893453671E+00
0.276811814628E+01  0.488309192505E+00
0.277316991241E+01  0.471626187526E+00
0.277822167854E+01  0.451962072810E+00
0.278327344467E+01  0.429452419542E+00
0.278832521081E+01  0.404249660837E+00
0.279337697694E+01  0.376521924966E+00
0.279842874307E+01  0.346451786620E+00
0.280348050920E+01  0.314234946099E+00
0.280853227533E+01  0.280078846461E+00
0.281358404147E+01  0.244201238737E+00
0.281863580760E+01  0.206828705318E+00
0.282368757373E+01  0.168195151581E+00
0.282873933986E+01  0.128540275790E+00
0.283379110600E+01  0.881080272290E-01
0.283884287213E+01  0.471450624660E-01
0.284389463826E+01  0.589920950165E-02
0.284894640439E+01  -0.353820506176E-01
0.285399817052E+01  -0.764530754055E-01
0.285904993666E+01  -0.117071516809E+00
0.286410170279E+01  -0.156999732854E+00
0.286915346892E+01  -0.196006147104E+00
0.287420523505E+01  -0.233866548597E+00
0.287925700119E+01  -0.270365325554E+00
0.288430876732E+01  -0.305296626829E+00
0.288936053345E+01  -0.338465445699E+00
0.289441229958E+01  -0.369688621231E+00
0.289946406571E+01  -0.398795753046E+00
0.290451583185E+01  -0.425630025850E+00
0.290956759798E+01  -0.450048940704E+00
0.291461936411E+01  -0.471924950518E+00
0.291967113024E+01  -0.491145997890E+00
0.292472289638E+01  -0.507615953996E+00
0.292977466251E+01  -0.521254957907E+00
0.293482642864E+01  -0.531999656367E+00
0.293987819477E+01  -0.539803344737E+00
0.294492996090E+01  -0.544636010442E+00
0.294998172704E+01  -0.546484280886E+00
0.295503349317E+01  -0.545351278326E+00
0.296008525930E+01  -0.541256384670E+00
0.296513702543E+01  -0.534234919604E+00
0.297018879157E+01  -0.524337735780E+00
0.297524055770E+01  -0.511630735148E+00
0.298029232383E+01  -0.496194310781E+00
0.298534408996E+01  -0.478122718851E+00
0.299039585609E+01  -0.457523385671E+00
0.299544762223E+01  -0.434516155000E+00
0.300049938836E+01  -0.409232481060E+00
0.300555115449E+01  -0.381814572932E+00
0.301060292062E+01  -0.352414496201E+00
0.301565468676E+01  -0.321193237811E+00
0.302070645289E+01  -0.288319740195E+00
0.302575821902E+01  -0.253969910697E+00
0.303080998515E+01  -0.218325612274E+00
0.303586175128E+01  -0.181573641339E+00
0.304091351742E+01  -0.143904698480E+00
0.304596528355E+01  -0.105512357629E+00
0.305101704968E+01  -0.665920390977E-01
0.305606881581E+01  -0.273399917400E-01
0.306112058195E+01  0.120477106546E-01
0.306617234808E+01  0.513761538139E-01
0.307122411421E+01  0.904525435314E-01
0.307627588034E+01  0.129087137783E+00
0.308132764647E+01  0.167094146135E+00
0.308637941261E+01  0.204292592455E+00
0.309143117874E+01  0.240507137255E+00
0.309648294487E+01  0.275568856371E+00
0.310153471100E+01  0.309315972997E+00
0.310658647714E+01  0.341594540523E+00
0.311163824327E+01  0.372259073909E+00
0.311669000940E+01  0.401173127717E+00
0.312174177553E+01  0.428209819213E+00
0.312679354166E+01  0.453252295237E+00
0.313184530780E+01  0.476194141854E+00
0.313689707393E+01  0.496939736059E+00
0.314194884006E+01  0.515404539102E+00
0.314700060619E+01  0.531515331312E+00
0.315205237233E+01  0.545210388565E+00
0.315710413846E+01  0.556439600902E+00
0.316215590459E+01  0.565164534063E+00
0.316720767072E+01  0.571358435021E+00
0.317225943685E+01  0.575006182865E+00
0.317731120299E+01  0.576104186624E+00
0.318236296912E+01  0.574660231823E+00
0.318741473525E+01  0.570693277789E+00
0.319246650138E+01  0.564233207819E+00
0.319751826751E+01  0.555320534534E+00
0.320257003365E+01  0.544006062814E+00
0.320762179978E+01  0.530350512889E+00
0.321267356591E+01  0.514424106221E+00
0.321772533204E+01  0.496306116993E+00
0.322277709818E+01  0.476084392050E+00
0.322782886431E+01  0.453854842291E+00
0.323288063044E+01  0.429720908524E+00
0.323793239657E+01  0.403793004863E+00
0.324298416270E+01  0.376187942751E+00
0.324803592884E+01  0.347028338670E+00
0.325308769497E+01  0.316442008603E+00
0.325813946110E+01  0.284561352220E+00
0.326319122723E+01  0.251522729760E+00
0.326824299337E+01  0.217465834484E+00
0.327329475950E+01  0.182533063555E+00
0.327834652563E+01  0.146868890096E+00
0.328339829176E+01  0.110619239153E+00
0.328845005789E+01  0.739308701792E-01
0.329350182403E+01  0.369507685627E-01
0.329855359016E+01  -0.174451380224E-03
0.330360535629E+01  -0.372991296712E-01
0.330865712242E+01  -0.742791280564E-01
0.331370888856E+01  -0.110972379532E+00
0.331876065469E+01  -0.147239418174E+00
0.332381242082E+01  -0.182943887597E+00
0.332886418695E+01  -0.217953026485E+00
0.333391595308E+01  -0.252138129807E+00
0.333896771922E+01  -0.285374984403E+00
0.334401948535E+01  -0.317544277806E+00
0.334907125148E+01  -0.348531979249E+00
0.335412301761E+01  -0.378229691975E+00
0.335917478375E+01  -0.406534976097E+00
0.336422654988E+01  -0.433351641437E+00
0.336927831601E+01  -0.458590009921E+00
0.337433008214E+01  -0.482167147286E+00
0.337938184827E+01  -0.504007064002E+00
0.338443361441E+01  -0.524040885483E+00
0.338948538054E+01  -0.542206991734E+00
0.339453714667E+01  -0.558451126741E+00
0.339958891280E+01  -0.572726477958E+00
0.340464067894E+01  -0.584993726338E+00
0.340969244507E+01  -0.595221067429E+00
0.341474421120E+01  -0.603384204145E+00
0.341979597733E+01  -0.609466311898E+00
0.342484774346E+01  -0.613457976903E+00
0.342989950960E+01  -0.615357108560E+00
0.343495127573E+01  -0.615168826949E+00
0.344000304186E+01  -0.612905326555E+00
0.344505480799E+01  -0.608585717440E+00
0.345010657413E+01  -0.602235845124E+00
0.345515834026E+01  -0.593888090476E+00
0.346021010639E+01  -0.583581150912E+00
0.346526187252E+01  -0.571359804195E+00
0.347031363865E+01  -0.557274656115E+00
0.347536540479E+01  -0.541381873306E+00
0.348041717092E+01  -0.523742902480E+00
0.348546893705E+01  -0.504424177365E+00
0.349052070318E+01  -0.483496814672E+00
0.349557246932E+01  -0.461036300473E+00
0.350062423545E+01  -0.437122168406E+00
0.350567600158E+01  -0.411837671147E+00
0.351072776771E+01  -0.385269446599E+00
0.351577953384E+01  -0.357507180227E+00
0.352083129998E+01  -0.328643264874E+00
0.352588306611E+01  -0.298772459356E+00
0.353093483224E+01  -0.267991547015E+00
0.353598659837E+01  -0.236398995316E+00
0.354103836451E+01  -0.204094617523E+00
0.354609013064E+01  -0.171179237432E+00
0.355114189677E+01  -0.137754358104E+00
0.355619366290E+01  -0.103921835586E+00
0.356124542903E+01  -0.697835585632E-01
0.356629719517E+01  -0.354411349627E-01
0.357134896130E+01  -0.995586452789E-03
0.357640072743E+01  0.334529482083E-01
0.358145249356E+01  0.678055001223E-01
0.358650425970E+01  0.101964546744E+00
0.359155602583E+01  0.135834277288E+00
0.359660779196E+01  0.169320846550E+00
0.360165955809E+01  0.202332616751E+00
0.360671132422E+01  0.234780387112E+00
0.361176309036E+01  0.266577610895E+00
0.361681485649E+01  0.297640599683E+00
0.362186662262E+01  0.327888714632E+00
0.362691838875E+01  0.357244544428E+00
0.363197015489E+01  0.385634069648E+00
0.363702192102E+01  0.412986813237E+00
0.364207368715E+01  0.439235976856E+00
0.364712545328E+01  0.464318562940E+00
0.365217721941E+01  0.488175482422E+00
0.365722898555E+01  0.510751648188E+00
0.366228075168E+01  0.531996054483E+00
0.366733251781E+01  0.551861842568E+00
0.367238428394E+01  0.570306352995E+00
0.367743605008E+01  0.587291164888E+00
0.368248781621E+01  0.602782122583E+00
0.368753958234E+01  0.616749349943E+00
0.369259134847E+01  0.629167252589E+00
0.369764311460E+01  0.640014508239E+00
0.370269488074E+01  0.649274045342E+00
0.370774664687E+01  0.656933010230E+00
0.371279841300E+01  0.662982723045E+00
0.371785017913E+01  0.667418622855E+00
0.372290194527E+01  0.670240202448E+00
0.372795371140E+01  0.671450933417E+00
0.373300547753E+01  0.671058182226E+00
0.373805724366E+01  0.669073117954E+00
0.374310900979E+01  0.665510612412E+00
0.374816077593E+01  0.660389133233E+00
0.375321254206E+01  0.653730630454E+00
0.375826430819E+01  0.645560416995E+00
0.376331607432E+01  0.635907043378E+00
0.376836784046E+01  0.624802166969E+00
0.377341960659E+01  0.612280416077E+00
0.377847137272E+01  0.598379249277E+00
0.378352313885E+01  0.583138810431E+00
0.378857490498E+01  0.566601780016E+00
0.379362667112E+01  0.548813223402E+00
0.379867843725E+01  0.529820436838E+00
0.380373020338E+01  0.509672791837E+00
0.380878196951E+01  0.488421578636E+00
0.381383373565E+01  0.466119849250E+00
0.381888550178E+01  0.442822260551E+00
0.382393726791E+01  0.418584917639E+00
0.382898903404E+01  0.393465217698E+00
0.383404080017E+01  0.367521694474E+00
0.383909256631E+01  0.340813863548E+00
0.384414433244E+01  0.313402068627E+00
0.384919609857E+01  0.285347329204E+00
0.385424786470E+01  0.256711190022E+00
0.385929963084E+01  0.227555572893E+00
0.386435139697E+01  0.197942631423E+00
0.386940316310E+01  0.167934609194E+00
0.387445492923E+01  0.137593701849E+00
0.387950669536E+01  0.106981923379E+00
0.388455846150E+01  0.761609767890E-01
0.388961022763E+01  0.451921291303E-01
0.389466199376E+01  0.141360908478E-01
0.389971375989E+01  -0.169471006943E-01
0.390476552603E+01  -0.479981935761E-01
0.390981729216E+01  -0.789588295653E-01
0.391486905829E+01  -0.109771648102E+00
0.391992082442E+01  -0.140380385768E+00
0.392497259055E+01  -0.170729970893E+00
0.393002435669E+01  -0.200766612924E+00
0.393507612282E+01  -0.230437886228E+00
0.394012788895E+01  -0.259692808113E+00
0.394517965508E+01  -0.288481910991E+00
0.395023142122E+01  -0.316757308787E+00
0.395528318735E+01  -0.344472757844E+00
0.396033495348E+01  -0.371583712639E+00
0.396538671961E+01  -0.398047376647E+00
0.397043848574E+01  -0.423822748658E+00
0.397549025188E+01  -0.448870664666E+00
0.398054201801E+01  -0.473153835374E+00
0.398559378414E+01  -0.496636879176E+00
0.399064555027E+01  -0.519286350380E+00
0.399569731641E+01  -0.541070762456E+00
0.400074908254E+01  -0.561960606096E+00
0.400580084867E+01  -0.581928362036E+00
0.401085261480E+01  -0.600948508743E+00
0.401590438093E+01  -0.618997525238E+00
0.402095614707E+01  -0.636053889474E+00
0.402600791320E+01  -0.652098072750E+00
0.403105967933E+01  -0.667112530628E+00
0.403611144546E+01  -0.681081690742E+00
0.404116321160E+01  -0.693991937717E+00
0.404621497773E+01  -0.705831595263E+00
0.405126674386E+01  -0.716590905339E+00
0.405631850999E+01  -0.726262004199E+00
0.406137027612E+01  -0.734838895109E+00
0.406642204226E+01  -0.742317417593E+00
0.407147380839E+01  -0.748695213226E+00
0.407652557452E+01  -0.753971688142E+00
0.408157734065E+01  -0.758147972630E+00
0.408662910679E+01  -0.761226878309E+00
0.409168087292E+01  -0.763212853426E+00
0.409673263905E+01  -0.764111936784E+00
0.410178440518E+01  -0.763931710686E+00
0.410683617131E+01  -0.762681253092E+00
0.411188793745E+01  -0.760371089014E+00
0.411693970358E+01  -0.757013140979E+00
0.412199146971E+01  -0.752620678328E+00
0.412704323584E+01  -0.747208265093E+00
0.413209500198E+01  -0.740791706300E+00
0.413714676811E+01  -0.733387992711E+00
0.414219853424E+01  -0.725015244192E+00
0.414725030037E+01  -0.715692652111E+00
0.415230206650E+01  -0.705440421266E+00
0.415735383264E+01  -0.694279711895E+00
0.416240559877E+01  -0.682232582236E+00
0.416745736490E+01  -0.669321931986E+00
0.417250913103E+01  -0.655571446756E+00
0.417756089717E+01  -0.641005543455E+00
0.418261266330E+01  -0.625649316332E+00
0.418766442943E+01  -0.609528483348E+00
0.419271619556E+01  -0.592669332541E+00
0.419776796169E+01  -0.575098668194E+00
0.420281972783E+01  -0.556843756779E+00
0.420787149396E+01  -0.537932272870E+00
0.421292326009E+01  -0.518392245428E+00
0.421797502622E+01  -0.498252004937E+00
0.422302679236E+01  -0.477540131936E+00
0.422807855849E+01  -0.456285407356E+00
0.423313032462E+01  -0.434516764917E+00
0.423818209075E+01  -0.412263245603E+00
0.424323385688E+01  -0.389553954012E+00
0.424828562302E+01  -0.366418016207E+00
0.425333738915E+01  -0.342884538631E+00
0.425838915528E+01  -0.318982567689E+00
0.426344092141E+01  -0.294741049745E+00
0.426849268755E+01  -0.270188791500E+00
0.427354445368E+01  -0.245354420945E+00
0.427859621981E+01  -0.220266349284E+00
0.428364798594E+01  -0.194952734330E+00
0.428869975207E+01  -0.169441445859E+00
0.429375151821E+01  -0.143760033310E+00
0.429880328434E+01  -0.117935695990E+00
0.430385505047E+01  -0.919952557073E-01
0.430890681660E+01  -0.659651315170E-01
0.431395858274E+01  -0.398713161014E-01
0.431901034887E+01  -0.137393532700E-01
0.432406211500E+01  0.124056838790E-01
0.432911388113E+01  0.385392144074E-01
0.433416564726E+01  0.646371706224E-01
0.433921741340E+01  0.906760185815E-01
0.434426917953E+01  0.116632777595E+00
0.434932094566E+01  0.142485038216E+00
0.435437271179E+01  0.168210978220E+00
0.435942447793E+01  0.193789376263E+00
0.436447624406E+01  0.219199623085E+00
0.436952801019E+01  0.244421730459E+00
0.437457977632E+01  0.269436338276E+00
0.437963154245E+01  0.294224720327E+00
0.438468330859E+01  0.318768789368E+00
0.438973507472E+01  0.343051101950E+00
0.439478684085E+01  0.367054863273E+00
0.439983860698E+01  0.390763932061E+00
0.440489037312E+01  0.414162825198E+00
0.440994213925E+01  0.437236721639E+00
0.441499390538E+01  0.459971465059E+00
0.442004567151E+01  0.482353564754E+00
0.442509743764E+01  0.504370194469E+00
0.443014920378E+01  0.526009189132E+00
0.443520096991E+01  0.547259039716E+00
0.444025273604E+01  0.568108886732E+00
0.444530450217E+01  0.588548512980E+00
0.445035626831E+01  0.608568336157E+00
0.445540803444E+01  0.628159401831E+00
0.446045980057E+01  0.647313377001E+00
0.446551156670E+01  0.666022544181E+00
0.447056333283E+01  0.684279795671E+00
0.447561509897E+01  0.702078627468E+00
0.448066686510E+01  0.719413132241E+00
0.448571863123E+01  0.736277990856E+00
0.449077039736E+01  0.752668462152E+00
0.449582216350E+01  0.768580371008E+00
0.450087392963E+01  0.784010094980E+00
0.450592569576E+01  0.798954550092E+00
0.451097746189E+01  0.813411176440E+00
0.451602922802E+01  0.827377924263E+00
0.452108099416E+01  0.840853240946E+00
0.452613276029E+01  0.853836059128E+00
0.453118452642E+01  0.866325785793E+00
0.453623629255E+01  0.878322291898E+00
0.454128805869E+01  0.889825901937E+00
0.454633982482E+01  0.900837382797E+00
0.455139159095E+01  0.911357931379E+00
0.455644335708E+01  0.921389160732E+00
0.456149512321E+01  0.930933084760E+00
0.456654688935E+01  0.939992101877E+00
0.457159865548E+01  0.948568978255E+00
0.457665042161E+01  0.956666831368E+00
0.458170218774E+01  0.964289114493E+00
0.458675395388E+01  0.971439602622E+00
0.459180572001E+01  0.978122379879E+00
0.459685748614E+01  0.984341828226E+00
0.460190925227E+01  0.990102616942E+00
0.460696101840E+01  0.995409692168E+00
0.461201278454E+01  0.100026826583E+01
0.461706455067E+01  0.100468380344E+01
0.462211631680E+01  0.100866201049E+01
0.462716808293E+01  0.101220881759E+01
0.463221984907E+01  0.101533036485E+01
0.463727161520E+01  0.101803298616E+01
0.464232338133E+01  0.102032319409E+01
0.464737514746E+01  0.102220766616E+01
0.465242691359E+01  0.102369323284E+01
0.465747867973E+01  0.102478686733E+01
0.466253044586E+01  0.102549567675E+01
0.466758221199E+01  0.102582689420E+01
0.467263397812E+01  0.102578787084E+01
0.467768574425E+01  0.102538606733E+01
0.468273751039E+01  0.102462904405E+01
0.468778927652E+01  0.102352444987E+01
0.469284104265E+01  0.102208000983E+01
0.469789280878E+01  0.102030351206E+01
0.470294457492E+01  0.101820279487E+01
0.470799634105E+01  0.101578573476E+01
0.471304810718E+01  0.101306023595E+01
0.471809987331E+01  0.101003422197E+01
0.472315163944E+01  0.100671562900E+01
0.472820340558E+01  0.100311240080E+01
0.473325517171E+01  0.999232484334E+00
0.473830693784E+01  0.995083825324E+00
0.474335870397E+01  0.990674362946E+00
0.474841047011E+01  0.986012023158E+00
0.475346223624E+01  0.981104710523E+00
0.475851400237E+01  0.975960298833E+00
0.476356576850E+01  0.970586621150E+00
0.476861753463E+01  0.964991460128E+00
0.477366930077E+01  0.959182539466E+00
0.477872106690E+01  0.953167517141E+00
0.478377283303E+01  0.946953980740E+00
0.478882459916E+01  0.940549444754E+00
0.479387636530E+01  0.933961349305E+00
0.479892813143E+01  0.927197059506E+00
0.480397989756E+01  0.920263864517E+00
0.480903166369E+01  0.913168975528E+00
0.481408342982E+01  0.905919522177E+00
0.481913519596E+01  0.898522547343E+00
0.482418696209E+01  0.890985000702E+00
0.482923872822E+01  0.883313731783E+00
0.483429049435E+01  0.875515483438E+00
0.483934226049E+01  0.867596886631E+00
0.484439402662E+01  0.859564457162E+00
0.484944579275E+01  0.851424594571E+00
0.485449755888E+01  0.843183582997E+00
0.485954932501E+01  0.834847593315E+00
0.486460109115E+01  0.826422685661E+00
0.486965285728E+01  0.817914811343E+00
0.487470462341E+01  0.809329813329E+00
0.487975638954E+01  0.800673424882E+00
0.488480815568E+01  0.791951266357E+00
0.488985992181E+01  0.783168840658E+00
0.489491168794E+01  0.774331528200E+00
0.489996345407E+01  0.765444582392E+00
0.490501522020E+01  0.756513126548E+00
0.491006698634E+01  0.747542152853E+00
0.491511875247E+01  0.738536523543E+00
0.492017051860E+01  0.729500973959E+00
0.492522228473E+01  0.720440116708E+00
0.493027405087E+01  0.711358445917E+00
0.493532581700E+01  0.702260340548E+00
0.494037758313E+01  0.693150065985E+00
0.494542934926E+01  0.684031773498E+00
0.495048111539E+01  0.674909497763E+00
0.495553288153E+01  0.665787153032E+00
0.496058464766E+01  0.656668528967E+00
0.496563641379E+01  0.647557287226E+00
0.497068817992E+01  0.638456959748E+00
0.497573994606E+01  0.629370949346E+00
0.498079171219E+01  0.620302532660E+00
0.498584347832E+01  0.611254865023E+00
0.499089524445E+01  0.602230986321E+00
0.499594701058E+01  0.593233826740E+00
0.500099877672E+01  0.584266211289E+00
0.500605054285E+01  0.575330862327E+00
0.501110230898E+01  0.566430399760E+00
0.501615407511E+01  0.557567339200E+00
0.502120584125E+01  0.548744088824E+00
0.502625760738E+01  0.539962946069E+00
0.503130937351E+01  0.531226095318E+00
0.503636113964E+01  0.522535607570E+00
0.504141290577E+01  0.513893442620E+00
0.504646467191E+01  0.505301453720E+00
0.505151643804E+01  0.496761394102E+00
0.505656820417E+01  0.488274924323E+00
0.506161997030E+01  0.479843619180E+00
0.506667173644E+01  0.471468973069E+00
0.507172350257E+01  0.463152402986E+00
0.507677526870E+01  0.454895248972E+00
0.508182703483E+01  0.446698772399E+00
0.508687880096E+01  0.438564153011E+00
0.509193056710E+01  0.430492485985E+00
0.509698233323E+01  0.422484780278E+00
0.510203409936E+01  0.414541959247E+00
0.510708586549E+01  0.406664864039E+00
0.511213763163E+01  0.398854259577E+00
0.511718939776E+01  0.391110842403E+00
0.512224116389E+01  0.383435249144E+00
0.512729293002E+01  0.375828064286E+00
0.513234469615E+01  0.368289826026E+00
0.513739646229E+01  0.360821029477E+00
0.514244822842E+01  0.353422127112E+00
0.514749999455E+01  0.346093526980E+00
0.515255176068E+01  0.338835589805E+00
0.515760352682E+01  0.331648626350E+00
0.516265529295E+01  0.324532896392E+00
0.516770705908E+01  0.317488610306E+00
0.517275882521E+01  0.310515933658E+00
0.517781059134E+01  0.303614994504E+00
0.518286235748E+01  0.296785892432E+00
0.518791412361E+01  0.290028708002E+00
0.519296588974E+01  0.283343511069E+00
0.519801765587E+01  0.276730366768E+00
0.520306942201E+01  0.270189338442E+00
0.520812118814E+01  0.263720487511E+00
0.521317295427E+01  0.257323870998E+00
0.521822472040E+01  0.250999537985E+00
0.522327648653E+01  0.244747526530E+00
0.522832825267E+01  0.238567862451E+00
0.523338001880E+01  0.232460560989E+00
0.523843178493E+01  0.226425631612E+00
0.524348355106E+01  0.220463085500E+00
0.524853531720E+01  0.214572944562E+00
0.525358708333E+01  0.208755250417E+00
0.525863884946E+01  0.203010071743E+00
0.526369061559E+01  0.197337508701E+00
0.526874238172E+01  0.191737693793E+00
0.527379414786E+01  0.186210789304E+00
0.527884591399E+01  0.180756982227E+00
0.528389768012E+01  0.175376478170E+00
0.528894944625E+01  0.170069495921E+00
0.529400121239E+01  0.164836264183E+00
0.529905297852E+01  0.159677021447E+00
0.530410474465E+01  0.154592019178E+00
0.530915651078E+01  0.149581527652E+00
0.531420827691E+01  0.144645843076E+00
0.531926004305E+01  0.139785294266E+00
0.532431180918E+01  0.135000247131E+00
0.532936357531E+01  0.130291105689E+00
0.533441534144E+01  0.125658309055E+00
0.533946710758E+01  0.121102324741E+00
0.534451887371E+01  0.116623639429E+00
0.534957063984E+01  0.112222748938E+00
0.535462240597E+01  0.107900149268E+00
0.535967417210E+01  0.103656330322E+00
0.536472593824E+01  0.994917732632E-01
0.536977770437E+01  0.954069515353E-01
0.537482947050E+01  0.914023346941E-01
0.537988123663E+01  0.874783934471E-01
0.538493300277E+01  0.836356039565E-01
0.538998476890E+01  0.798744495663E-01
0.539503653503E+01  0.761954186582E-01
0.540008830116E+01  0.725989982148E-01
0.540514006729E+01  0.690856636538E-01
0.541019183343E+01  0.656558663766E-01
0.541524359956E+01  0.623100210253E-01
0.542029536569E+01  0.590484945413E-01
0.542534713182E+01  0.558715987218E-01
0.543039889796E+01  0.527795871736E-01
0.543545066409E+01  0.497726565443E-01
0.544050243022E+01  0.468509509037E-01
0.544555419635E+01  0.440145674021E-01
0.545060596248E+01  0.412635610183E-01
0.545565772862E+01  0.385979464146E-01
0.546070949475E+01  0.360176956043E-01
0.546576126088E+01  0.335227311459E-01
0.547081302701E+01  0.311129156807E-01
0.547586479315E+01  0.287880395633E-01
0.548091655928E+01  0.265478088745E-01
0.548596832541E+01  0.243918361183E-01
0.549102009154E+01  0.223196353706E-01
0.549607185767E+01  0.203306226936E-01
0.550112362381E+01  0.184241214624E-01
0.550617538994E+01  0.165993711483E-01
0.551122715607E+01  0.148555373323E-01
0.551627892220E+01  0.131917204580E-01
0.552133068834E+01  0.116069611659E-01
0.552638245447E+01  0.101002408958E-01
0.553143422060E+01  0.867047762353E-02
0.553648598673E+01  0.731651783019E-02
0.554153775286E+01  0.603712680039E-02
0.554658951900E+01  0.483097986467E-02
0.555164128513E+01  0.369665711038E-02
0.555669305126E+01  0.263264339092E-02
0.556174481739E+01  0.163733431846E-02
0.556679658353E+01  0.709047590624E-03
0.557184834966E+01  -0.153962209347E-03
0.557690011579E+01  -0.953487999192E-03
0.558195188192E+01  -0.169135661997E-02
0.558700364805E+01  -0.236941966432E-02
0.559205541419E+01  -0.298955003333E-02
0.559710718032E+01  -0.355364416472E-02
0.560215894645E+01  -0.406362848282E-02
0.560721071258E+01  -0.452146754619E-02
0.561226247872E+01  -0.492917087409E-02
0.561731424485E+01  -0.528879564879E-02
0.562236601098E+01  -0.560244338249E-02
0.562741777711E+01  -0.587225000931E-02
0.563246954324E+01  -0.610037040118E-02
0.563752130938E+01  -0.628895965000E-02
0.564257307551E+01  -0.644015428505E-02
0.564762484164E+01  -0.655605669448E-02
0.565267660777E+01  -0.663872535300E-02
0.565772837391E+01  -0.669017216232E-02
0.566278014004E+01  -0.671236657863E-02
0.566783190617E+01  -0.670724460995E-02
0.567288367230E+01  -0.667671959430E-02
0.567793543843E+01  -0.662269120428E-02
0.568298720457E+01  -0.654704949434E-02
0.568803897070E+01  -0.645167194589E-02
0.569309073683E+01  -0.633841312462E-02
0.569814250296E+01  -0.620908836178E-02
0.570319426910E+01  -0.606545438741E-02
0.570824603523E+01  -0.590919070880E-02
0.571329780136E+01  -0.574188552061E-02
0.571834956749E+01  -0.556502902965E-02
0.572340133362E+01  -0.538001546678E-02
0.572845309976E+01  -0.518815310000E-02
0.573350486589E+01  -0.499067971127E-02
0.573855663202E+01  -0.478877969406E-02
0.574360839815E+01  -0.458359849528E-02
0.574866016429E+01  -0.437625069096E-02
0.575371193042E+01  -0.416781944663E-02
0.575876369655E+01  -0.395934715223E-02
0.576381546268E+01  -0.375181917216E-02
0.576886722881E+01  -0.354614441012E-02
0.577391899495E+01  -0.334313732556E-02
0.577897076108E+01  -0.314350590674E-02
0.578402252721E+01  -0.294784890036E-02
0.578907429334E+01  -0.275666356780E-02
0.579412605948E+01  -0.257036283525E-02
0.579917782561E+01  -0.238929848312E-02
0.580422959174E+01  -0.221378550972E-02
0.580928135787E+01  -0.204412238599E-02
0.581433312400E+01  -0.188060273012E-02
0.581938489014E+01  -0.172351582478E-02
0.582443665627E+01  -0.157313597039E-02
0.582948842240E+01  -0.142970333376E-02
0.583454018853E+01  -0.129340108929E-02
0.583959195467E+01  -0.116433473697E-02
0.584464372080E+01  -0.104251922006E-02
0.584969548693E+01  -0.927877865353E-03
0.585474725306E+01  -0.820254550537E-03
0.585979901919E+01  -0.719437441401E-03
0.586485078533E+01  -0.625189834143E-03
0.586990255146E+01  -0.537281755281E-03
0.587495431759E+01  -0.455515493224E-03
0.588000608372E+01  -0.379739335355E-03
0.588505784986E+01  -0.309846275690E-03
0.589010961599E+01  -0.245757822409E-03
0.589516138212E+01  -0.187396527902E-03
0.590021314825E+01  -0.134653679101E-03
0.590526491438E+01  -0.873600362011E-04
0.591031668052E+01  -0.452671904715E-04
0.591536844665E+01  -0.804501333364E-05
0.592042021278E+01  0.247028146530E-04
0.592547197891E+01  0.534073408473E-04
0.593052374505E+01  0.784929561530E-04
0.593557551118E+01  0.100334796774E-03
0.594062727731E+01  0.119224481758E-03
0.594567904344E+01  0.135352430839E-03
0.595073080957E+01  0.148811732525E-03
0.595578257571E+01  0.159623921184E-03
0.596083434184E+01  0.167782041273E-03
0.596588610797E+01  0.173302128513E-03
0.597093787410E+01  0.176271718375E-03
0.597598964024E+01  0.176883866948E-03
0.598104140637E+01  0.175447608598E-03
0.598609317250E+01  0.172370393038E-03
0.599114493863E+01  0.168113957542E-03
0.599619670476E+01  0.163131084506E-03
0.600124847090E+01  0.157795476009E-03
0.600630023703E+01  0.152339445025E-03
0.601135200316E+01  0.146813616755E-03
0.601640376929E+01  0.141079292431E-03
0.602145553543E+01  0.134838129130E-03
0.602650730156E+01  0.127696453054E-03
0.603155906769E+01  0.119254299102E-03
0.603661083382E+01  0.109203643911E-03
0.604166259995E+01  0.974174910005E-04
0.604671436609E+01  0.840121635072E-04
