0.100000000000E+01  0.749985143094E-08
0.100505176613E+01  0.944220896196E-08
0.101010353226E+01  0.118874902290E-07
0.101515529840E+01  0.150344738588E-07
0.102020706453E+01  0.191127855081E-07
0.102525883066E+01  0.243819489129E-07
0.103031059679E+01  0.311371234604E-07
0.103536236293E+01  0.397229316163E-07
0.104041412906E+01  0.505554213582E-07
0.104546589519E+01  0.641509862492E-07
0.105051766132E+01  0.811603069882E-07
0.105556942745E+01  0.102405271210E-06
0.106062119359E+01  0.128917439176E-06
0.106567295972E+01  0.161977818648E-06
0.107072472585E+01  0.203159248591E-06
0.107577649198E+01  0.254374211399E-06
0.108082825812E+01  0.317932117740E-06
0.108588002425E+01  0.396610725389E-06
0.109093179038E+01  0.493746343322E-06
0.109598355651E+01  0.613346856537E-06
0.110103532264E+01  0.760230643362E-06
0.110608708878E+01  0.940193467658E-06
0.111113885491E+01  0.116020477822E-05
0.111619062104E+01  0.142863479967E-05
0.112124238717E+01  0.175551455194E-05
0.112629415331E+01  0.215283242276E-05
0.113134591944E+01  0.263487298270E-05
0.113639768557E+01  0.321860604578E-05
0.114144945170E+01  0.392413616191E-05
0.114650121783E+01  0.477522445520E-05
0.115155298397E+01  0.579989579339E-05
0.115660475010E+01  0.703114462405E-05
0.116165651623E+01  0.850775261764E-05
0.116670828236E+01  0.102752308178E-04
0.117176004850E+01  0.123868987085E-04
0.117681181463E+01  0.149051128317E-04
0.118186358076E+01  0.179026586709E-04
0.118691534689E+01  0.214643214718E-04
0.119196711302E+01  0.256886544931E-04
0.119701887916E+01  0.306899665276E-04
0.120207064529E+01  0.366005539999E-04
0.120712241142E+01  0.435732060888E-04
0.121217417755E+01  0.517840137719E-04
0.121722594369E+01  0.614355151799E-04
0.122227770982E+01  0.727602102448E-04
0.122732947595E+01  0.860244774732E-04
0.123238124208E+01  0.101532925184E-03
0.123743300821E+01  0.119633209173E-03
0.124248477435E+01  0.140721348885E-03
0.124753654048E+01  0.165247575072E-03
0.125258830661E+01  0.193722743643E-03
0.125764007274E+01  0.226725352709E-03
0.126269183888E+01  0.264909202300E-03
0.126774360501E+01  0.309011738304E-03
0.127279537114E+01  0.359863123224E-03
0.127784713727E+01  0.418396075959E-03
0.128289890340E+01  0.485656520672E-03
0.128795066954E+01  0.562815080913E-03
0.129300243567E+01  0.651179449864E-03
0.129805420180E+01  0.752207661195E-03
0.130310596793E+01  0.867522278245E-03
0.130815773407E+01  0.998925512393E-03
0.131320950020E+01  0.114841527493E-02
0.131826126633E+01  0.131820216039E-02
0.132331303246E+01  0.151072735282E-02
0.132836479859E+01  0.172868143929E-02
0.133341656473E+01  0.197502410623E-02
0.133846833086E+01  0.225300468348E-02
0.134352009699E+01  0.256618348705E-02
0.134857186312E+01  0.291845389537E-02
0.135362362926E+01  0.331406507418E-02
0.135867539539E+01  0.375764524393E-02
0.136372716152E+01  0.425422536055E-02
0.136877892765E+01  0.480926305741E-02
0.137383069378E+01  0.542866667406E-02
0.137888245992E+01  0.611881917612E-02
0.138393422605E+01  0.688660175200E-02
0.138898599218E+01  0.773941685468E-02
0.139403775831E+01  0.868521044082E-02
0.139908952445E+01  0.973249314432E-02
0.140414129058E+01  0.108903601055E-01
0.140919305671E+01  0.121685091603E-01
0.141424482284E+01  0.135772570755E-01
0.141929658897E+01  0.151275534962E-01
0.142434835511E+01  0.168309922490E-01
0.142940012124E+01  0.186998196251E-01
0.143445188737E+01  0.207469392438E-01
0.143950365350E+01  0.229859130802E-01
0.144455541964E+01  0.254309582249E-01
0.144960718577E+01  0.280969389314E-01
0.145465895190E+01  0.309993535046E-01
0.145971071803E+01  0.341543155798E-01
0.146476248416E+01  0.375785293512E-01
0.146981425030E+01  0.412892583167E-01
0.147486601643E+01  0.453042871280E-01
0.147991778256E+01  0.496418761510E-01
0.148496954869E+01  0.543207083755E-01
0.149002131483E+01  0.593598283425E-01
0.149507308096E+01  0.647785727999E-01
0.150012484709E+01  0.705964928408E-01
0.150517661322E+01  0.768332673310E-01
0.151022837935E+01  0.835086074897E-01
0.151528014549E+01  0.906421525496E-01
0.152033191162E+01  0.982533564865E-01
0.152538367775E+01  0.106361365880E+00
0.153043544388E+01  0.114984889038E+00
0.153548721002E+01  0.124142056577E+00
0.154053897615E+01  0.133850273746E+00
0.154559074228E+01  0.144126064834E+00
0.155064250841E+01  0.154984910076E+00
0.155569427454E+01  0.166441075585E+00
0.156074604068E+01  0.178507436881E+00
0.156579780681E+01  0.191195296730E+00
0.157084957294E+01  0.204514198086E+00
0.157590133907E+01  0.218471733060E+00
0.158095310521E+01  0.233073348980E+00
0.158600487134E+01  0.248322152715E+00
0.159105663747E+01  0.264218714612E+00
0.159610840360E+01  0.280760873477E+00
0.160116016973E+01  0.297943544203E+00
0.160621193587E+01  0.315758529708E+00
0.161126370200E+01  0.334194338947E+00
0.161631546813E+01  0.353236012798E+00
0.162136723426E+01  0.372864959669E+00
0.162641900040E+01  0.393058802628E+00
0.163147076653E+01  0.413791239879E+00
0.163652253266E+01  0.435031920317E+00
0.164157429879E+01  0.456746335879E+00
0.164662606492E+01  0.478895732300E+00
0.165167783106E+01  0.501437039882E+00
0.165672959719E+01  0.524322825760E+00
0.166178136332E+01  0.547501269151E+00
0.166683312945E+01  0.570916161004E+00
0.167188489559E+01  0.594506929410E+00
0.167693666172E+01  0.618208692106E+00
0.168198842785E+01  0.641952337313E+00
0.168704019398E+01  0.665664634088E+00
0.169209196011E+01  0.689268373222E+00
0.169714372625E+01  0.712682539612E+00
0.170219549238E+01  0.735822516789E+00
0.170724725851E+01  0.758600324121E+00
0.171229902464E+01  0.780924886890E+00
0.171735079078E+01  0.802702339196E+00
0.172240255691E+01  0.823836359292E+00
0.172745432304E+01  0.844228536632E+00
0.173250608917E+01  0.863778769595E+00
0.173755785530E+01  0.882385692490E+00
0.174260962144E+01  0.899947130171E+00
0.174766138757E+01  0.916360578276E+00
0.175271315370E+01  0.931523706881E+00
0.175776491983E+01  0.945334885097E+00
0.176281668596E+01  0.957693724001E+00
0.176786845210E+01  0.968501635084E+00
0.177292021823E+01  0.977662401298E+00
0.177797198436E+01  0.985082757632E+00
0.178302375049E+01  0.990672978078E+00
0.178807551663E+01  0.994347465669E+00
0.179312728276E+01  0.996025342232E+00
0.179817904889E+01  0.995631034301E+00
0.180323081502E+01  0.993094851549E+00
0.180828258115E+01  0.988353553954E+00
0.181333434729E+01  0.981350903762E+00
0.181838611342E+01  0.972038198238E+00
0.182343787955E+01  0.960374779072E+00
0.182848964568E+01  0.946328514297E+00
0.183354141182E+01  0.929876248559E+00
0.183859317795E+01  0.911004217677E+00
0.184364494408E+01  0.889708423543E+00
0.184869671021E+01  0.865994965609E+00
0.185374847634E+01  0.839880325501E+00
0.185880024248E+01  0.811391601543E+00
0.186385200861E+01  0.780566690394E+00
0.186890377474E+01  0.747454413302E+00
0.187395554087E+01  0.712114584914E+00
0.187900730701E+01  0.674618022908E+00
0.188405907314E+01  0.635046497151E+00
0.188911083927E+01  0.593492617383E+00
0.189416260540E+01  0.550059658806E+00
0.189921437153E+01  0.504861325313E+00
0.190426613767E+01  0.458021450385E+00
0.190931790380E+01  0.409673636072E+00
0.191436966993E+01  0.359960830792E+00
0.191942143606E+01  0.309034847095E+00
0.192447320220E+01  0.257055820900E+00
0.192952496833E+01  0.204191614150E+00
0.193457673446E+01  0.150617163264E+00
0.193962850059E+01  0.965137761974E-01
0.194468026672E+01  0.420683813591E-01
0.194973203286E+01  -0.125272679387E-01
0.195478379899E+01  -0.670774294311E-01
0.195983556512E+01  -0.121383243832E+00
0.196488733125E+01  -0.175243638019E+00
0.196993909739E+01  -0.228456254478E+00
0.197499086352E+01  -0.280818401826E+00
0.198004262965E+01  -0.332128021055E+00
0.198509439578E+01  -0.382184662051E+00
0.199014616191E+01  -0.430790464852E+00
0.199519792805E+01  -0.477751140085E+00
0.200024969418E+01  -0.522876943003E+00
0.200530146031E+01  -0.565983635546E+00
0.201035322644E+01  -0.606893430895E+00
0.201540499258E+01  -0.645435915006E+00
0.202045675871E+01  -0.681448939718E+00
0.202550852484E+01  -0.714779482083E+00
0.203056029097E+01  -0.745284464733E+00
0.203561205710E+01  -0.772831532244E+00
0.204066382324E+01  -0.797299778672E+00
0.204571558937E+01  -0.818580421706E+00
0.205076735550E+01  -0.836577419173E+00
0.205581912163E+01  -0.851208023993E+00
0.206087088777E+01  -0.862403274081E+00
0.206592265390E+01  -0.870108414108E+00
0.207097442003E+01  -0.874283246502E+00
0.207602618616E+01  -0.874902409533E+00
0.208107795229E+01  -0.871955580811E+00
0.208612971843E+01  -0.865447604995E+00
0.209118148456E+01  -0.855398544985E+00
0.209623325069E+01  -0.841843656321E+00
0.210128501682E+01  -0.824833284947E+00
0.210633678296E+01  -0.804432688932E+00
0.211138854909E+01  -0.780721785137E+00
0.211644031522E+01  -0.753794822212E+00
0.212149208135E+01  -0.723759981720E+00
0.212654384748E+01  -0.690738909544E+00
0.213159561362E+01  -0.654866180128E+00
0.213664737975E+01  -0.616288696486E+00
0.214169914588E+01  -0.575165029281E+00
0.214675091201E+01  -0.531664698630E+00
0.215180267815E+01  -0.485967402654E+00
0.215685444428E+01  -0.438262197106E+00
0.216190621041E+01  -0.388746630674E+00
0.216695797654E+01  -0.337625840860E+00
0.217200974267E+01  -0.285111615486E+00
0.217706150881E+01  -0.231421425071E+00
0.218211327494E+01  -0.176777431432E+00
0.218716504107E+01  -0.121405477919E+00
0.219221680720E+01  -0.655340667304E-01
0.219726857334E+01  -0.939332872556E-02
0.220232033947E+01  0.467860088585E-01
0.220737210560E+01  0.102773651491E+00
0.221242387173E+01  0.158340757991E+00
0.221747563786E+01  0.213260947629E+00
0.222252740400E+01  0.267311288682E+00
0.222757917013E+01  0.320273263619E+00
0.223263093626E+01  0.371933706221E+00
0.223768270239E+01  0.422085706171E+00
0.224273446853E+01  0.470529476818E+00
0.224778623466E+01  0.517073182099E+00
0.225283800079E+01  0.561533718839E+00
0.225788976692E+01  0.603737450985E+00
0.226294153305E+01  0.643520892598E+00
0.226799329919E+01  0.680731336822E+00
0.227304506532E+01  0.715227428378E+00
0.227809683145E+01  0.746879677496E+00
0.228314859758E+01  0.775570913596E+00
0.228820036372E+01  0.801196677361E+00
0.229325212985E+01  0.823665550257E+00
0.229830389598E+01  0.842899420849E+00
0.230335566211E+01  0.858833687657E+00
0.230840742824E+01  0.871417398592E+00
0.231345919438E+01  0.880613327332E+00
0.231851096051E+01  0.886397987296E+00
0.232356272664E+01  0.888761584193E+00
0.232861449277E+01  0.887707908348E+00
0.233366625891E+01  0.883254168348E+00
0.233871802504E+01  0.875430767764E+00
0.234376979117E+01  0.864281026987E+00
0.234882155730E+01  0.849860852459E+00
0.235387332343E+01  0.832238355805E+00
0.235892508957E+01  0.811493425602E+00
0.236397685570E+01  0.787717254710E+00
0.236902862183E+01  0.761011826275E+00
0.237408038796E+01  0.731489361661E+00
0.237913215410E+01  0.699271733696E+00
0.238418392023E+01  0.664489848721E+00
0.238923568636E+01  0.627283000993E+00
0.239428745249E+01  0.587798203045E+00
0.239933921862E+01  0.546189495619E+00
0.240439098476E+01  0.502617240787E+00
0.240944275089E+01  0.457247401855E+00
0.241449451702E+01  0.410250813591E+00
0.241954628315E+01  0.361802446277E+00
0.242459804929E+01  0.312080667019E+00
0.242964981542E+01  0.261266501643E+00
0.243470158155E+01  0.209542900461E+00
0.243975334768E+01  0.157094011056E+00
0.244480511381E+01  0.104104461143E+00
0.244985687995E+01  0.507586544457E-01
0.245490864608E+01  -0.275991761280E-02
0.245996041221E+01  -0.562693457484E-01
0.246501217834E+01  -0.109589951677E+00
0.247006394448E+01  -0.162544913674E+00
0.247511571061E+01  -0.214960866686E+00
0.248016747674E+01  -0.266668475035E+00
0.248521924287E+01  -0.317502975961E+00
0.249027100900E+01  -0.367304692441E+00
0.249532277514E+01  -0.415919513948E+00
0.250037454127E+01  -0.463199343966E+00
0.250542630740E+01  -0.509002513333E+00
0.251047807353E+01  -0.553194158622E+00
0.251552983967E+01  -0.595646564970E+00
0.252058160580E+01  -0.636239472961E+00
0.252563337193E+01  -0.674860349284E+00
0.253068513806E+01  -0.711404621109E+00
0.253573690419E+01  -0.745775874233E+00
0.254078867033E+01  -0.777886015224E+00
0.254584043646E+01  -0.807655397941E+00
0.255089220259E+01  -0.835012914937E+00
0.255594396872E+01  -0.859896054415E+00
0.256099573486E+01  -0.882250923520E+00
0.256604750099E+01  -0.902032238911E+00
0.257109926712E+01  -0.919203285642E+00
0.257615103325E+01  -0.933735845534E+00
0.258120279938E+01  -0.945610096281E+00
0.258625456552E+01  -0.954814482672E+00
0.259130633165E+01  -0.961345561329E+00
0.259635809778E+01  -0.965207820493E+00
0.260140986391E+01  -0.966413476377E+00
0.260646163005E+01  -0.964982247694E+00
0.261151339618E+01  -0.960941109977E+00
0.261656516231E+01  -0.954324031319E+00
0.262161692844E+01  -0.945171691198E+00
0.262666869457E+01  -0.933531184019E+00
0.263172046071E+01  -0.919455709047E+00
0.263677222684E+01  -0.903004248345E+00
0.264182399297E+01  -0.884241234372E+00
0.264687575910E+01  -0.863236208833E+00
0.265192752524E+01  -0.840063474371E+00
0.265697929137E+01  -0.814801740689E+00
0.266203105750E+01  -0.787533766593E+00
0.266708282363E+01  -0.758345999499E+00
0.267213458976E+01  -0.727328213823E+00
0.267718635590E+01  -0.694573149689E+00
0.268223812203E+01  -0.660176153287E+00
0.268728988816E+01  -0.624234820197E+00
0.269234165429E+01  -0.586848642898E+00
0.269739342043E+01  -0.548118663612E+00
0.270244518656E+01  -0.508147133593E+00
0.270749695269E+01  -0.467037179839E+00
0.271254871882E+01  -0.424892480181E+00
0.271760048495E+01  -0.381816947587E+00
0.272265225109E+01  -0.337914424463E+00
0.272770401722E+01  -0.293288387645E+00
0.273275578335E+01  -0.248041664728E+00
0.273780754948E+01  -0.202276162273E+00
0.274285931562E+01  -0.156092606399E+00
0.274791108175E+01  -0.109590296191E+00
0.275296284788E+01  -0.628668702910E-01
0.275801461401E+01  -0.160180869708E-01
0.276306638014E+01  0.308623820517E-01
0.276811814628E+01  0.776831438860E-01
0.277316991241E+01  0.124355262701E+00
0.277822167854E+01  0.170792423856E+00
0.278327344467E+01  0.216911083938E+00
0.278832521081E+01  0.262630606747E+00
0.279337697694E+01  0.307873385358E+00
0.279842874307E+01  0.352564950420E+00
0.280348050920E+01  0.396634064894E+00
0.280853227533E+01  0.440012805507E+00
0.281358404147E+01  0.482636631189E+00
0.281863580760E+01  0.524444438838E+00
0.282368757373E+01  0.565378606770E+00
0.282873933986E+01  0.605385026211E+00
0.283379110600E+01  0.644413121271E+00
0.283884287213E+01  0.682415857786E+00
0.284389463826E+01  0.719349741494E+00
0.284894640439E+01  0.755174805988E+00
0.285399817052E+01  0.789854590924E+00
0.285904993666E+01  0.823356110961E+00
0.286410170279E+01  0.855649815935E+00
0.286915346892E+01  0.886709542768E+00
0.287420523505E+01  0.916512459637E+00
0.287925700119E+01  0.945039002913E+00
0.288430876732E+01  0.972272807407E+00
0.288936053345E+01  0.998200630441E+00
0.289441229958E+01  0.102281227028E+01
0.289946406571E+01  0.104610047947E+01
0.290451583185E+01  0.106806087350E+01
0.290956759798E+01  0.108869183547E+01
0.291461936411E+01  0.110799441710E+01
0.291967113024E+01  0.112597223658E+01
0.292472289638E+01  0.114263137384E+01
0.292977466251E+01  0.115798026353E+01
0.293482642864E+01  0.117202958624E+01
0.293987819477E+01  0.118479215830E+01
0.294492996090E+01  0.119628282058E+01
0.294998172704E+01  0.120651832669E+01
0.295503349317E+01  0.121551723080E+01
0.296008525930E+01  0.122329977566E+01
0.296513702543E+01  0.122988778082E+01
0.297018879157E+01  0.123530453174E+01
0.297524055770E+01  0.123957466972E+01
0.298029232383E+01  0.124272408322E+01
0.298534408996E+01  0.124477980068E+01
0.299039585609E+01  0.124576988517E+01
0.299544762223E+01  0.124572333105E+01
0.300049938836E+01  0.124466996292E+01
0.300555115449E+01  0.124264033695E+01
0.301060292062E+01  0.123966564495E+01
0.301565468676E+01  0.123577762110E+01
0.302070645289E+01  0.123100845163E+01
0.302575821902E+01  0.122539068753E+01
0.303080998515E+01  0.121895716033E+01
0.303586175128E+01  0.121174090108E+01
0.304091351742E+01  0.120377506255E+01
0.304596528355E+01  0.119509284476E+01
0.305101704968E+01  0.118572742376E+01
0.305606881581E+01  0.117571188382E+01
0.306112058195E+01  0.116507915298E+01
0.306617234808E+01  0.115386194192E+01
0.307122411421E+01  0.114209268626E+01
0.307627588034E+01  0.112980349218E+01
0.308132764647E+01  0.111702608546E+01
0.308637941261E+01  0.110379176373E+01
0.309143117874E+01  0.109013135212E+01
0.309648294487E+01  0.107607516211E+01
0.310153471100E+01  0.106165295356E+01
0.310658647714E+01  0.104689389995E+01
0.311163824327E+01  0.103182655660E+01
0.311669000940E+01  0.101647883199E+01
0.312174177553E+01  0.100087796193E+01
0.312679354166E+01  0.985050486599E+00
0.313184530780E+01  0.969022230292E+00
0.313689707393E+01  0.952818283843E+00
0.314194884006E+01  0.936462989561E+00
0.314700060619E+01  0.919979928622E+00
0.315205237233E+01  0.903391910782E+00
0.315710413846E+01  0.886720966334E+00
0.316215590459E+01  0.869988340195E+00
0.316720767072E+01  0.853214488030E+00
0.317225943685E+01  0.836419074309E+00
0.317731120299E+01  0.819620972214E+00
0.318236296912E+01  0.802838265292E+00
0.318741473525E+01  0.786088250768E+00
0.319246650138E+01  0.769387444421E+00
0.319751826751E+01  0.752751586934E+00
0.320257003365E+01  0.736195651621E+00
0.320762179978E+01  0.719733853442E+00
0.321267356591E+01  0.703379659207E+00
0.321772533204E+01  0.687145798883E+00
0.322277709818E+01  0.671044277904E+00
0.322782886431E+01  0.655086390400E+00
0.323288063044E+01  0.639282733261E+00
0.323793239657E+01  0.623643220939E+00
0.324298416270E+01  0.608177100929E+00
0.324803592884E+01  0.592892969829E+00
0.325308769497E+01  0.577798789926E+00
0.325813946110E+01  0.562901906229E+00
0.326319122723E+01  0.548209063883E+00
0.326824299337E+01  0.533726425903E+00
0.327329475950E+01  0.519459591177E+00
0.327834652563E+01  0.505413612661E+00
0.328339829176E+01  0.491593015733E+00
0.328845005789E+01  0.478001816647E+00
0.329350182403E+01  0.464643541033E+00
0.329855359016E+01  0.451521242408E+00
0.330360535629E+01  0.438637520653E+00
0.330865712242E+01  0.425994540410E+00
0.331370888856E+01  0.413594049364E+00
0.331876065469E+01  0.401437396386E+00
0.332381242082E+01  0.389525549479E+00
0.332886418695E+01  0.377859113521E+00
0.333391595308E+01  0.366438347753E+00
0.333896771922E+01  0.355263183006E+00
0.334401948535E+01  0.344333238615E+00
0.334907125148E+01  0.333647839028E+00
0.335412301761E+01  0.323206030055E+00
0.335917478375E+01  0.313006594777E+00
0.336422654988E+01  0.303048069064E+00
0.336927831601E+01  0.293328756720E+00
0.337433008214E+01  0.283846744227E+00
0.337938184827E+01  0.274599915084E+00
0.338443361441E+01  0.265585963742E+00
0.338948538054E+01  0.256802409119E+00
0.339453714667E+01  0.248246607698E+00
0.339958891280E+01  0.239915766200E+00
0.340464067894E+01  0.231806953834E+00
0.340969244507E+01  0.223917114114E+00
0.341474421120E+01  0.216243076246E+00
0.341979597733E+01  0.208781566087E+00
0.342484774346E+01  0.201529216676E+00
0.342989950960E+01  0.194482578331E+00
0.343495127573E+01  0.187638128329E+00
0.344000304186E+01  0.180992280172E+00
0.344505480799E+01  0.174541392431E+00
0.345010657413E+01  0.168281777192E+00
0.345515834026E+01  0.162209708103E+00
0.346021010639E+01  0.156321428028E+00
0.346526187252E+01  0.150613156322E+00
0.347031363865E+01  0.145081095719E+00
0.347536540479E+01  0.139721438866E+00
0.348041717092E+01  0.134530374486E+00
0.348546893705E+01  0.129504093191E+00
0.349052070318E+01  0.124638792956E+00
0.349557246932E+01  0.119930684260E+00
0.350062423545E+01  0.115375994898E+00
0.350567600158E+01  0.110970974495E+00
0.351072776771E+01  0.106711898706E+00
0.351577953384E+01  0.102595073137E+00
0.352083129998E+01  0.986168369773E-01
0.352588306611E+01  0.947735663707E-01
0.353093483224E+01  0.910616775190E-01
0.353598659837E+01  0.874776295379E-01
0.354103836451E+01  0.840179270694E-01
0.354609013064E+01  0.806791226596E-01
0.355114189677E+01  0.774578189131E-01
0.355619366290E+01  0.743506704312E-01
0.356124542903E+01  0.713543855452E-01
0.356629719517E+01  0.684657278548E-01
0.357134896130E+01  0.656815175812E-01
0.357640072743E+01  0.629986327446E-01
0.358145249356E+01  0.604140101766E-01
0.358650425970E+01  0.579246463755E-01
0.359155602583E+01  0.555275982125E-01
0.359660779196E+01  0.532199834973E-01
0.360165955809E+01  0.509989814090E-01
0.360671132422E+01  0.488618328004E-01
0.361176309036E+01  0.468058403808E-01
0.361681485649E+01  0.448283687853E-01
0.362186662262E+01  0.429268445372E-01
0.362691838875E+01  0.410987559107E-01
0.363197015489E+01  0.393416527008E-01
0.363702192102E+01  0.376531459079E-01
0.364207368715E+01  0.360309073445E-01
0.364712545328E+01  0.344726691688E-01
0.365217721941E+01  0.329762233525E-01
0.365722898555E+01  0.315394210874E-01
0.366228075168E+01  0.301601721346E-01
0.366733251781E+01  0.288364441218E-01
0.367238428394E+01  0.275662617909E-01
0.367743605008E+01  0.263477062011E-01
0.368248781621E+01  0.251789138911E-01
0.368753958234E+01  0.240580760036E-01
0.369259134847E+01  0.229834373783E-01
0.369764311460E+01  0.219532956166E-01
0.370269488074E+01  0.209660001220E-01
0.370774664687E+01  0.200199511223E-01
0.371279841300E+01  0.191135986746E-01
0.371785017913E+01  0.182454416575E-01
0.372290194527E+01  0.174140267539E-01
0.372795371140E+01  0.166179474234E-01
0.373300547753E+01  0.158558428693E-01
0.373805724366E+01  0.151263969989E-01
0.374310900979E+01  0.144283373809E-01
0.374816077593E+01  0.137604341995E-01
0.375321254206E+01  0.131214992097E-01
0.375826430819E+01  0.125103846934E-01
0.376331607432E+01  0.119259824212E-01
0.376836784046E+01  0.113672226208E-01
0.377341960659E+01  0.108330729538E-01
0.377847137272E+01  0.103225375047E-01
0.378352313885E+01  0.983465577984E-02
0.378857490498E+01  0.936850172050E-02
0.379362667112E+01  0.892318272780E-02
0.379867843725E+01  0.849783870079E-02
0.380373020338E+01  0.809164108741E-02
0.380878196951E+01  0.770379194845E-02
0.381383373565E+01  0.733352303511E-02
0.381888550178E+01  0.698009488099E-02
0.382393726791E+01  0.664279590940E-02
0.382898903404E+01  0.632094155747E-02
0.383404080017E+01  0.601387341805E-02
0.383909256631E+01  0.572095840029E-02
0.384414433244E+01  0.544158790965E-02
0.384919609857E+01  0.517517704719E-02
0.385424786470E+01  0.492116382808E-02
0.385929963084E+01  0.467900841852E-02
0.386435139697E+01  0.444819239041E-02
0.386940316310E+01  0.422821799323E-02
0.387445492923E+01  0.401860744234E-02
0.387950669536E+01  0.381890222397E-02
0.388455846150E+01  0.362866241688E-02
0.388961022763E+01  0.344746603132E-02
0.389466199376E+01  0.327490836584E-02
0.389971375989E+01  0.311060138271E-02
0.390476552603E+01  0.295417310211E-02
0.390981729216E+01  0.280526701528E-02
0.391486905829E+01  0.266354151617E-02
0.391992082442E+01  0.252866935085E-02
0.392497259055E+01  0.240033708380E-02
0.393002435669E+01  0.227824457989E-02
0.393507612282E+01  0.216210450128E-02
0.394012788895E+01  0.205164181853E-02
0.394517965508E+01  0.194659333565E-02
0.395023142122E+01  0.184670722913E-02
0.395528318735E+01  0.175174260135E-02
0.396033495348E+01  0.166146904874E-02
0.396538671961E+01  0.157566624512E-02
0.397043848574E+01  0.149412354042E-02
0.397549025188E+01  0.141663957446E-02
0.398054201801E+01  0.134302190541E-02
0.398559378414E+01  0.127308665197E-02
0.399064555027E+01  0.120665814817E-02
0.399569731641E+01  0.114356860990E-02
0.400074908254E+01  0.108365781212E-02
0.400580084867E+01  0.102677277615E-02
0.401085261480E+01  0.972767466894E-03
0.401590438093E+01  0.921502500047E-03
0.402095614707E+01  0.872844859576E-03
0.402600791320E+01  0.826667625986E-03
0.403105967933E+01  0.782849715673E-03
0.403611144546E+01  0.741275631477E-03
0.404116321160E+01  0.701835224200E-03
0.404621497773E+01  0.664423464525E-03
0.405126674386E+01  0.628940224464E-03
0.405631850999E+01  0.595290067358E-03
0.406137027612E+01  0.563382045429E-03
0.406642204226E+01  0.533129504130E-03
0.407147380839E+01  0.504449892791E-03
0.407652557452E+01  0.477264581461E-03
0.408157734065E+01  0.451498684138E-03
0.408662910679E+01  0.427080888810E-03
0.409168087292E+01  0.403943294771E-03
0.409673263905E+01  0.382021257573E-03
0.410178440518E+01  0.361253241717E-03
0.410683617131E+01  0.341580680857E-03
0.411188793745E+01  0.322947844959E-03
0.411693970358E+01  0.305301713623E-03
0.412199146971E+01  0.288591854646E-03
0.412704323584E+01  0.272770306981E-03
0.413209500198E+01  0.257791467455E-03
0.413714676811E+01  0.243611980897E-03
0.414219853424E+01  0.230190633727E-03
0.414725030037E+01  0.217488251291E-03
0.415230206650E+01  0.205467599448E-03
0.415735383264E+01  0.194093290919E-03
0.416240559877E+01  0.183331696775E-03
0.416745736490E+01  0.173150863166E-03
0.417250913103E+01  0.163520433079E-03
0.417756089717E+01  0.154411572589E-03
0.418261266330E+01  0.145796900870E-03
0.418766442943E+01  0.137650423132E-03
0.419271619556E+01  0.129947465758E-03
0.419776796169E+01  0.122664613125E-03
0.420281972783E+01  0.115779645925E-03
0.420787149396E+01  0.109271481111E-03
0.421292326009E+01  0.103120113888E-03
0.421797502622E+01  0.973065622908E-04
0.422302679236E+01  0.918128148776E-04
0.422807855849E+01  0.866217819351E-04
0.423313032462E+01  0.817172502707E-04
0.423818209075E+01  0.770838413835E-04
0.424323385688E+01  0.727069725003E-04
0.424828562302E+01  0.685728197729E-04
0.425333738915E+01  0.646682828997E-04
0.425838915528E+01  0.609809505296E-04
0.426344092141E+01  0.574990660639E-04
0.426849268755E+01  0.542114937693E-04
0.427354445368E+01  0.511076854394E-04
0.427859621981E+01  0.481776480744E-04
0.428364798594E+01  0.454119131638E-04
0.428869975207E+01  0.428015081072E-04
0.429375151821E+01  0.403379301313E-04
0.429880328434E+01  0.380131227760E-04
0.430385505047E+01  0.358194547094E-04
0.430890681660E+01  0.337497003651E-04
0.431395858274E+01  0.317970217399E-04
0.431901034887E+01  0.299549506706E-04
0.432406211500E+01  0.282173710403E-04
0.432911388113E+01  0.265785006257E-04
0.433416564726E+01  0.250328725919E-04
0.433921741340E+01  0.235753169446E-04
0.434426917953E+01  0.222009424569E-04
0.434932094566E+01  0.209051196557E-04
0.435437271179E+01  0.196834654032E-04
0.435942447793E+01  0.185318293836E-04
0.436447624406E+01  0.174462825345E-04
0.436952801019E+01  0.164231071580E-04
0.437457977632E+01  0.154587881999E-04
0.437963154245E+01  0.145500050660E-04
0.438468330859E+01  0.136936233419E-04
0.438973507472E+01  0.128866859535E-04
0.439478684085E+01  0.121264035513E-04
0.439983860698E+01  0.114101442151E-04
0.440489037312E+01  0.107354228252E-04
0.440994213925E+01  0.100998906628E-04
0.441499390538E+01  0.950132580838E-05
0.442004567151E+01  0.893762484289E-05
0.442509743764E+01  0.840679612235E-05
0.443014920378E+01  0.790695461425E-05
0.443520096991E+01  0.743631800767E-05
0.444025273604E+01  0.699320357216E-05
0.444530450217E+01  0.657602515856E-05
0.445035626831E+01  0.618328976512E-05
0.445540803444E+01  0.581359326669E-05
0.446045980057E+01  0.546561516975E-05
0.446551156670E+01  0.513811254181E-05
0.447056333283E+01  0.482991352452E-05
0.447561509897E+01  0.453991097507E-05
0.448066686510E+01  0.426705681544E-05
0.448571863123E+01  0.401035753747E-05
0.449077039736E+01  0.376887108951E-05
0.449582216350E+01  0.354170508641E-05
0.450087392963E+01  0.332801601489E-05
0.450592569576E+01  0.312700891513E-05
0.451097746189E+01  0.293793694719E-05
0.451602922802E+01  0.276010031460E-05
0.452108099416E+01  0.259284420775E-05
0.452613276029E+01  0.243555569498E-05
0.453118452642E+01  0.228765976529E-05
0.453623629255E+01  0.214861495419E-05
0.454128805869E+01  0.201790911200E-05
0.454633982482E+01  0.189505585633E-05
0.455139159095E+01  0.177959211819E-05
0.455644335708E+01  0.167107695039E-05
0.456149512321E+01  0.156909149293E-05
0.456654688935E+01  0.147323973796E-05
0.457159865548E+01  0.138314957055E-05
0.457665042161E+01  0.129847351981E-05
0.458170218774E+01  0.121888873957E-05
0.458675395388E+01  0.114409594338E-05
0.459180572001E+01  0.107381727779E-05
0.459685748614E+01  0.100779338665E-05
0.460190925227E+01  0.945780115690E-06
0.460696101840E+01  0.887545414464E-06
0.461201278454E+01  0.832866944879E-06
0.461706455067E+01  0.781530750927E-06
0.462211631680E+01  0.733331109738E-06
0.462716808293E+01  0.688071409753E-06
0.463221984907E+01  0.645565675313E-06
0.463727161520E+01  0.605640207593E-06
0.464232338133E+01  0.568134814337E-06
0.464737514746E+01  0.532903186909E-06
0.465242691359E+01  0.499812209932E-06
0.465747867973E+01  0.468740246514E-06
0.466253044586E+01  0.439574675760E-06
0.466758221199E+01  0.412209174349E-06
0.467263397812E+01  0.386541249776E-06
0.467768574425E+01  0.362470526840E-06
0.468273751039E+01  0.339898076249E-06
0.468778927652E+01  0.318726857832E-06
0.469284104265E+01  0.298863075676E-06
0.469789280878E+01  0.280218045837E-06
0.470294457492E+01  0.262710060574E-06
0.470799634105E+01  0.246265733578E-06
0.471304810718E+01  0.230820450483E-06
0.471809987331E+01  0.216317757404E-06
0.472315163944E+01  0.202707780987E-06
0.472820340558E+01  0.189944996043E-06
0.473325517171E+01  0.177985822027E-06
0.473830693784E+01  0.166786564138E-06
0.474335870397E+01  0.156302134383E-06
0.474841047011E+01  0.146485805702E-06
0.475346223624E+01  0.137290010576E-06
0.475851400237E+01  0.128667950081E-06
0.476356576850E+01  0.120575594640E-06
0.476861753463E+01  0.112973569491E-06
0.477366930077E+01  0.105828445491E-06
0.477872106690E+01  0.991131064695E-07
0.478377283303E+01  0.928060843815E-07
0.478882459916E+01  0.868899925874E-07
0.479387636530E+01  0.813494096186E-07
0.479892813143E+01  0.761686902743E-07
0.480397989756E+01  0.713301944403E-07
0.480903166369E+01  0.668133308595E-07
0.481408342982E+01  0.625946127134E-07
0.481913519596E+01  0.586486898306E-07
0.482418696209E+01  0.549500910040E-07
0.482923872822E+01  0.514752432167E-07
0.483429049435E+01  0.482042776394E-07
0.483934226049E+01  0.451221829803E-07
0.484439402662E+01  0.422190231705E-07
0.484944579275E+01  0.394891618218E-07
0.485449755888E+01  0.369296690373E-07
0.485954932501E+01  0.345382765780E-07
0.486460109115E+01  0.323113619745E-07
0.486965285728E+01  0.302424155546E-07
0.487470462341E+01  0.283213474026E-07
0.487975638954E+01  0.265347787436E-07
0.488480815568E+01  0.248672369345E-07
0.488985992181E+01  0.233029598063E-07
0.489491168794E+01  0.218278697350E-07
0.489996345407E+01  0.204312506700E-07
0.490501522020E+01  0.191067224235E-07
0.491006698634E+01  0.178522834330E-07
0.491511875247E+01  0.166694125677E-07
0.492017051860E+01  0.155614390161E-07
0.492522228473E+01  0.145315682560E-07
0.493027405087E+01  0.135810173863E-07
0.493532581700E+01  0.127077056645E-07
0.494037758313E+01  0.119057899507E-07
0.494542934926E+01  0.111661522759E-07
0.495048111539E+01  0.104777109367E-07
0.495553288153E+01  0.982924208843E-08
0.496058464766E+01  0.921127053390E-08
0.496563641379E+01  0.861758613038E-08
0.497068817992E+01  0.804602451299E-08
0.497573994606E+01  0.749833383339E-08
0.498079171219E+01  0.697915660818E-08
0.498584347832E+01  0.649437614251E-08
0.499089524445E+01  0.604921411546E-08
0.499594701058E+01  0.564652840551E-08
0.500099877672E+01  0.528571019228E-08
0.500605054285E+01  0.496243016379E-08
0.501110230898E+01  0.466929253555E-08
0.501615407511E+01  0.439722855967E-08
0.502120584125E+01  0.413729914514E-08
0.502625760738E+01  0.388247731394E-08
0.503130937351E+01  0.362898822669E-08
0.503636113964E+01  0.337689288002E-08
0.504141290577E+01  0.312978240380E-08
0.504646467191E+01  0.289366092366E-08
0.505151643804E+01  0.267528310316E-08
0.505656820417E+01  0.248034064348E-08
0.506161997030E+01  0.231192654306E-08
0.506667173644E+01  0.216963444675E-08
0.507172350257E+01  0.204950066427E-08
0.507677526870E+01  0.194479635790E-08
0.508182703483E+01  0.184747635218E-08
0.508687880096E+01  0.174993599600E-08
0.509193056710E+01  0.164666171546E-08
0.509698233323E+01  0.153538641019E-08
0.510203409936E+01  0.141747874845E-08
0.510708586549E+01  0.129748186862E-08
0.511213763163E+01  0.118191485891E-08
0.511718939776E+01  0.107762362881E-08
0.512224116389E+01  0.990074913383E-09
0.512729293002E+01  0.921992668569E-09
0.513234469615E+01  0.872657888012E-09
0.513739646229E+01  0.838028712701E-09
0.514244822842E+01  0.811648530603E-09
0.514749999455E+01  0.786119256027E-09
0.515255176068E+01  0.754789019244E-09
0.515760352682E+01  0.713255269032E-09
0.516265529295E+01  0.660329447652E-09
0.516770705908E+01  0.598240268783E-09
0.517275882521E+01  0.532033235576E-09
0.517781059134E+01  0.468314579711E-09
0.518286235748E+01  0.413641955824E-09
0.518791412361E+01  0.372940841482E-09
0.519296588974E+01  0.348321974216E-09
0.519801765587E+01  0.338575049487E-09
0.520306942201E+01  0.339450173368E-09
0.520812118814E+01  0.344656638959E-09
0.521317295427E+01  0.347335317221E-09
0.521822472040E+01  0.341651468271E-09
0.522327648653E+01  0.324137803559E-09
0.522832825267E+01  0.294465821668E-09
0.523338001880E+01  0.255474294897E-09
0.523843178493E+01  0.212451482247E-09
0.524348355106E+01  0.171847190789E-09
0.524853531720E+01  0.139726525493E-09
0.525358708333E+01  0.120327821019E-09
0.525863884946E+01  0.115066170468E-09
0.526369061559E+01  0.122214631928E-09
0.526874238172E+01  0.137327735202E-09
0.527379414786E+01  0.154302984697E-09
0.527884591399E+01  0.166824924624E-09
0.528389768012E+01  0.169844780949E-09
0.528894944625E+01  0.160744971224E-09
0.529400121239E+01  0.139923395141E-09
0.529905297852E+01  0.110657492754E-09
0.530410474465E+01  0.782957741204E-10
0.530915651078E+01  0.489652571329E-10
0.531420827691E+01  0.281127305296E-10
0.531926004305E+01  0.192225958248E-10
0.532431180918E+01  0.230102659967E-10
0.532936357531E+01  0.372794282517E-10
0.533441534144E+01  0.574671449995E-10
0.533946710758E+01  0.777412670574E-10
0.534451887371E+01  0.923862629576E-10
0.534957063984E+01  0.971429512096E-10
0.535462240597E+01  0.901930157708E-10
0.535967417210E+01  0.725525137837E-10
0.536472593824E+01  0.477942551522E-10
0.536977770437E+01  0.211698786600E-10
0.537482947050E+01  -0.165135061152E-11
0.537988123663E+01  -0.159303537549E-10
0.538493300277E+01  -0.189645843946E-10
0.538998476890E+01  -0.107015718523E-10
0.539503653503E+01  0.628230158306E-11
0.540008830116E+01  0.274222080604E-10
0.540514006729E+01  0.472675150444E-10
0.541019183343E+01  0.607783084472E-10
0.541524359956E+01  0.645068025185E-10
0.542029536569E+01  0.573858608119E-10
0.542534713182E+01  0.409445461873E-10
0.543039889796E+01  0.189060639357E-10
0.543545066409E+01  -0.372527319149E-11
0.544050243022E+01  -0.218670155076E-10
0.544555419635E+01  -0.315608371197E-10
0.545060596248E+01  -0.308897589923E-10
0.545565772862E+01  -0.203993996351E-10
0.546070949475E+01  -0.292865777462E-11
0.546576126088E+01  0.170983819029E-10
0.547081302701E+01  0.347436509257E-10
0.547586479315E+01  0.457333163166E-10
0.548091655928E+01  0.474509802624E-10
0.548596832541E+01  0.395275662566E-10
0.549102009154E+01  0.238860588227E-10
0.549607185767E+01  0.424165178086E-11
0.550112362381E+01  -0.148128251381E-10
0.550617538994E+01  -0.289108123656E-10
0.551122715607E+01  -0.349425447233E-10
0.551627892220E+01  -0.317653557393E-10
0.552133068834E+01  -0.204328187594E-10
0.552638245447E+01  -0.389896642445E-11
0.553143422060E+01  0.137240841928E-10
0.553648598673E+01  0.281664536744E-10
0.554153775286E+01  0.360161831507E-10
0.554658951900E+01  0.355091591383E-10
0.555164128513E+01  0.269066652853E-10
0.555669305126E+01  0.123827593308E-10
0.556174481739E+01  -0.454178727561E-11
0.556679658353E+01  -0.198731529361E-10
0.557184834966E+01  -0.301073573496E-10
0.557690011579E+01  -0.330503013749E-10
0.558195188192E+01  -0.283066543885E-10
0.558700364805E+01  -0.173200298467E-10
0.559205541419E+01  -0.297439207947E-11
0.559710718032E+01  0.111388911820E-10
0.560215894645E+01  0.216020073369E-10
0.560721071258E+01  0.259835191395E-10
0.561226247872E+01  0.233869388697E-10
0.561731424485E+01  0.146137869854E-10
0.562236601098E+01  0.190773216876E-11
0.562741777711E+01  -0.116363628516E-10
0.563246954324E+01  -0.228541939611E-10
0.563752130938E+01  -0.292802999251E-10
0.564257307551E+01  -0.297158093325E-10
0.564762484164E+01  -0.244698817161E-10
0.565267660777E+01  -0.152180760703E-10
0.565772837391E+01  -0.453338980880E-11
0.566278014004E+01  0.478385216083E-11
0.566783190617E+01  0.104070401340E-10
0.567288367230E+01  0.110317462941E-10
0.567793543843E+01  0.664781701944E-11
0.568298720457E+01  -0.152570649636E-11
0.568803897070E+01  -0.114141046216E-10
0.569309073683E+01  -0.206602584260E-10
0.569814250296E+01  -0.272373896549E-10
0.570319426910E+01  -0.299528295578E-10
0.570824603523E+01  -0.287062616002E-10
0.571329780136E+01  -0.244492657926E-10
0.571834956749E+01  -0.188698584624E-10
0.572340133362E+01  -0.138936325656E-10
0.572845309976E+01  -0.111473421493E-10
0.573350486589E+01  -0.115293067408E-10
0.573855663202E+01  -0.150009610793E-10
0.574360839815E+01  -0.206532449658E-10
0.574866016429E+01  -0.270184236331E-10
0.575371193042E+01  -0.325343330343E-10
0.575876369655E+01  -0.360258899514E-10
0.576381546268E+01  -0.370574713108E-10
0.576886722881E+01  -0.360604392785E-10
0.577391899495E+01  -0.341894831373E-10
0.577897076108E+01  -0.329500539313E-10
0.578402252721E+01  -0.337055648472E-10
0.578907429334E+01  -0.372105050814E-10
0.579412605948E+01  -0.433112290439E-10
0.579917782561E+01  -0.509194663222E-10
0.580422959174E+01  -0.582802357085E-10
0.580928135787E+01  -0.634729416219E-10
0.581433312400E+01  -0.650134370828E-10
0.581938489014E+01  -0.623788595112E-10
0.582443665627E+01  -0.562930155983E-10
0.582948842240E+01  -0.486616670895E-10
0.583454018853E+01  -0.421401784731E-10
0.583959195467E+01  -0.394240082016E-10
0.584464372080E+01  -0.424355996883E-10
0.584969548693E+01  -0.516312994196E-10
0.585474725306E+01  -0.656440577186E-10
0.585979901919E+01  -0.813951283249E-10
0.586485078533E+01  -0.947051810206E-10
0.586990255146E+01  -0.101289385603E-09
0.587495431759E+01  -0.979038744277E-10
0.588000608372E+01  -0.833530423498E-10
0.588505784986E+01  -0.590588523735E-10
0.589010961599E+01  -0.289894015091E-10
0.589516138212E+01  0.111371063950E-11
0.590021314825E+01  0.250873473102E-10
0.590526491438E+01  0.379931713316E-10
0.591031668052E+01  0.376558928539E-10
0.591536844665E+01  0.256810144108E-10
0.592042021278E+01  0.762355133915E-11
0.592547197891E+01  -0.784651062762E-11
0.593052374505E+01  -0.106820821690E-10
0.593557551118E+01  0.822317757255E-11
0.594062727731E+01  0.546599403617E-10
0.594567904344E+01  0.129264409884E-09
0.595073080957E+01  0.226747846291E-09
0.595578257571E+01  0.336529805782E-09
0.596083434184E+01  0.444801022291E-09
0.596588610797E+01  0.537701626926E-09
0.597093787410E+01  0.604988260631E-09
0.597598964024E+01  0.643367745005E-09
0.598104140637E+01  0.658652258424E-09
0.598609317250E+01  0.666056991171E-09
0.599114493863E+01  0.688304199646E-09
0.599619670476E+01  0.751654586037E-09
0.600124847090E+01  0.880460901501E-09
0.600630023703E+01  0.109123316213E-08
0.601135200316E+01  0.138742590263E-08
0.601640376929E+01  0.175612676886E-08
0.602145553543E+01  0.216755628751E-08
0.602650730156E+01  0.257779421857E-08
0.603155906769E+01  0.293452849818E-08
0.603661083382E+01  0.318500044920E-08
0.604166259995E+01  0.328481963463E-08
0.604671436609E+01  0.320605538615E-08
