0.100000000000E+01  0.503702889151E-07
0.100505176613E+01  0.640694219793E-07
0.101010353226E+01  0.806392325899E-07
0.101515529840E+01  0.101131984269E-06
0.102020706453E+01  0.126887751725E-06
0.102525883066E+01  0.159542732014E-06
0.103031059679E+01  0.201049011286E-06
0.103536236293E+01  0.253715755378E-06
0.104041412906E+01  0.320279616941E-06
0.104546589519E+01  0.404009049099E-06
0.105051766132E+01  0.508844074842E-06
0.105556942745E+01  0.639570610677E-06
0.106062119359E+01  0.802027341763E-06
0.106567295972E+01  0.100334365966E-05
0.107072472585E+01  0.125220922443E-05
0.107577649198E+01  0.155917891195E-05
0.108082825812E+01  0.193702059933E-05
0.108588002425E+01  0.240111679911E-05
0.109093179038E+01  0.296993396545E-05
0.109598355651E+01  0.366557507033E-05
0.110103532264E+01  0.451443174399E-05
0.110608708878E+01  0.554795219645E-05
0.111113885491E+01  0.680354077062E-05
0.111619062104E+01  0.832560487945E-05
0.112124238717E+01  0.101667658307E-04
0.112629415331E+01  0.123892518832E-04
0.113134591944E+01  0.150664948908E-04
0.113639768557E+01  0.182849558660E-04
0.114144945170E+01  0.221462091958E-04
0.114650121783E+01  0.267693196283E-04
0.115155298397E+01  0.322935499141E-04
0.115660475010E+01  0.388814398622E-04
0.116165651623E+01  0.467222994190E-04
0.116670828236E+01  0.560361594421E-04
0.117176004850E+01  0.670782244528E-04
0.117681181463E+01  0.801438723747E-04
0.118186358076E+01  0.955742475353E-04
0.118691534689E+01  0.113762495285E-03
0.119196711302E+01  0.135160689551E-03
0.119701887916E+01  0.160287508143E-03
0.120207064529E+01  0.189736714178E-03
0.120712241142E+01  0.224186504890E-03
0.121217417755E+01  0.264409790676E-03
0.121722594369E+01  0.311285467003E-03
0.122227770982E+01  0.365810739503E-03
0.122732947595E+01  0.429114558305E-03
0.123238124208E+01  0.502472211774E-03
0.123743300821E+01  0.587321122820E-03
0.124248477435E+01  0.685277883429E-03
0.124753654048E+01  0.798156555366E-03
0.125258830661E+01  0.927988257259E-03
0.125764007274E+01  0.107704205015E-02
0.126269183888E+01  0.124784712460E-02
0.126774360501E+01  0.144321628137E-02
0.127279537114E+01  0.166627068440E-02
0.127784713727E+01  0.192046584713E-02
0.128289890340E+01  0.220961879262E-02
0.128795066954E+01  0.253793630229E-02
0.129300243567E+01  0.291004413954E-02
0.129805420180E+01  0.333101710318E-02
0.130310596793E+01  0.380640973189E-02
0.130815773407E+01  0.434228744709E-02
0.131320950020E+01  0.494525788703E-02
0.131826126633E+01  0.562250215048E-02
0.132331303246E+01  0.638180563399E-02
0.132836479859E+01  0.723158811054E-02
0.133341656473E+01  0.818093266051E-02
0.133846833086E+01  0.923961302518E-02
0.134352009699E+01  0.104181189100E-01
0.134857186312E+01  0.117276787180E-01
0.135362362926E+01  0.131802791467E-01
0.135867539539E+01  0.147886810314E-01
0.136372716152E+01  0.165664307745E-01
0.136877892765E+01  0.185278666575E-01
0.137383069378E+01  0.206881193014E-01
0.137888245992E+01  0.230631055179E-01
0.138393422605E+01  0.256695147845E-01
0.138898599218E+01  0.285247875784E-01
0.139403775831E+01  0.316470848176E-01
0.139908952445E+01  0.350552476832E-01
0.140414129058E+01  0.387687471292E-01
0.140919305671E+01  0.428076224243E-01
0.141424482284E+01  0.471924081182E-01
0.141929658897E+01  0.519440488693E-01
0.142434835511E+01  0.570838016261E-01
0.142940012124E+01  0.626331247131E-01
0.143445188737E+01  0.686135534382E-01
0.143950365350E+01  0.750465619163E-01
0.144455541964E+01  0.819534108965E-01
0.144960718577E+01  0.893549814863E-01
0.145465895190E+01  0.972715947953E-01
0.145971071803E+01  0.105722817666E+00
0.146476248416E+01  0.114727254824E+00
0.146981425030E+01  0.124302327966E+00
0.147486601643E+01  0.134464042501E+00
0.147991778256E+01  0.145226742867E+00
0.148496954869E+01  0.156602857586E+00
0.149002131483E+01  0.168602635412E+00
0.149507308096E+01  0.181233874189E+00
0.150012484709E+01  0.194501644250E+00
0.150517661322E+01  0.208408008383E+00
0.151022837935E+01  0.222951740653E+00
0.151528014549E+01  0.238128046509E+00
0.152033191162E+01  0.253928286826E+00
0.152538367775E+01  0.270339708670E+00
0.153043544388E+01  0.287345185728E+00
0.153548721002E+01  0.304922971443E+00
0.154053897615E+01  0.323046468003E+00
0.154559074228E+01  0.341684014396E+00
0.155064250841E+01  0.360798696781E+00
0.155569427454E+01  0.380348184469E+00
0.156074604068E+01  0.400284594813E+00
0.156579780681E+01  0.420554390283E+00
0.157084957294E+01  0.441098311009E+00
0.157590133907E+01  0.461851346000E+00
0.158095310521E+01  0.482742746174E+00
0.158600487134E+01  0.503696082263E+00
0.159105663747E+01  0.524629350431E+00
0.159610840360E+01  0.545455128312E+00
0.160116016973E+01  0.566080783839E+00
0.160621193587E+01  0.586408738916E+00
0.161126370200E+01  0.606336789567E+00
0.161631546813E+01  0.625758483678E+00
0.162136723426E+01  0.644563556918E+00
0.162641900040E+01  0.662638426780E+00
0.163147076653E+01  0.679866744048E+00
0.163652253266E+01  0.696130000314E+00
0.164157429879E+01  0.711308189481E+00
0.164662606492E+01  0.725280520551E+00
0.165167783106E+01  0.737926178315E+00
0.165672959719E+01  0.749125128023E+00
0.166178136332E+01  0.758758959484E+00
0.166683312945E+01  0.766711765585E+00
0.167188489559E+01  0.772871049700E+00
0.167693666172E+01  0.777128655992E+00
0.168198842785E+01  0.779381716197E+00
0.168704019398E+01  0.779533606017E+00
0.169209196011E+01  0.777494903852E+00
0.169714372625E+01  0.773184344160E+00
0.170219549238E+01  0.766529757392E+00
0.170724725851E+01  0.757468988029E+00
0.171229902464E+01  0.745950782000E+00
0.171735079078E+01  0.731935634488E+00
0.172240255691E+01  0.715396588975E+00
0.172745432304E+01  0.696319978377E+00
0.173250608917E+01  0.674706099138E+00
0.173755785530E+01  0.650569809406E+00
0.174260962144E+01  0.623941042728E+00
0.174766138757E+01  0.594865229159E+00
0.175271315370E+01  0.563403616294E+00
0.175776491983E+01  0.529633483379E+00
0.176281668596E+01  0.493648242473E+00
0.176786845210E+01  0.455557421472E+00
0.177292021823E+01  0.415486524711E+00
0.177797198436E+01  0.373576767844E+00
0.178302375049E+01  0.329984684681E+00
0.178807551663E+01  0.284881604683E+00
0.179312728276E+01  0.238453000891E+00
0.179817904889E+01  0.190897709126E+00
0.180323081502E+01  0.142427020400E+00
0.180828258115E+01  0.932636496178E-01
0.181333434729E+01  0.436405848023E-01
0.181838611342E+01  -0.620017777807E-02
0.182343787955E+01  -0.560090059816E-01
0.182848964568E+01  -0.105530103920E+00
0.183354141182E+01  -0.154503074919E+00
0.183859317795E+01  -0.202664565263E+00
0.184364494408E+01  -0.249749977629E+00
0.184869671021E+01  -0.295495242104E+00
0.185374847634E+01  -0.339638631816E+00
0.185880024248E+01  -0.381922609435E+00
0.186385200861E+01  -0.422095690171E+00
0.186890377474E+01  -0.459914306420E+00
0.187395554087E+01  -0.495144658852E+00
0.187900730701E+01  -0.527564538557E+00
0.188405907314E+01  -0.556965104838E+00
0.188911083927E+01  -0.583152603291E+00
0.189416260540E+01  -0.605950009090E+00
0.189921437153E+01  -0.625198580692E+00
0.190426613767E+01  -0.640759309693E+00
0.190931790380E+01  -0.652514253108E+00
0.191436966993E+01  -0.660367735059E+00
0.191942143606E+01  -0.664247405688E+00
0.192447320220E+01  -0.664105145996E+00
0.192952496833E+01  -0.659917808414E+00
0.193457673446E+01  -0.651687784061E+00
0.193962850059E+01  -0.639443388948E+00
0.194468026672E+01  -0.623239062812E+00
0.194973203286E+01  -0.603155375772E+00
0.195478379899E+01  -0.579298839612E+00
0.195983556512E+01  -0.551801522176E+00
0.196488733125E+01  -0.520820465043E+00
0.196993909739E+01  -0.486536906417E+00
0.197499086352E+01  -0.449155312858E+00
0.198004262965E+01  -0.408902225173E+00
0.198509439578E+01  -0.366024925412E+00
0.199014616191E+01  -0.320789933487E+00
0.199519792805E+01  -0.273481343403E+00
0.200024969418E+01  -0.224399010487E+00
0.200530146031E+01  -0.173856602309E+00
0.201035322644E+01  -0.122179527196E+00
0.201540499258E+01  -0.697027553464E-01
0.202045675871E+01  -0.167685485504E-01
0.202550852484E+01  0.362758845584E-01
0.203056029097E+01  0.890807900618E-01
0.203561205710E+01  0.141296308800E+00
0.204066382324E+01  0.192574936102E+00
0.204571558937E+01  0.242573982064E+00
0.205076735550E+01  0.290958013101E+00
0.205581912163E+01  0.337401255499E+00
0.206087088777E+01  0.381589941919E+00
0.206592265390E+01  0.423224582199E+00
0.207097442003E+01  0.462022140362E+00
0.207602618616E+01  0.497718100491E+00
0.208107795229E+01  0.530068405020E+00
0.208612971843E+01  0.558851250022E+00
0.209118148456E+01  0.583868723251E+00
0.209623325069E+01  0.604948271943E+00
0.210128501682E+01  0.621943988746E+00
0.210633678296E+01  0.634737705617E+00
0.211138854909E+01  0.643239886978E+00
0.211644031522E+01  0.647390315083E+00
0.212149208135E+01  0.647158562083E+00
0.212654384748E+01  0.642544245039E+00
0.213159561362E+01  0.633577061768E+00
0.213664737975E+01  0.620316607194E+00
0.214169914588E+01  0.602851971597E+00
0.214675091201E+01  0.581301123897E+00
0.215180267815E+01  0.555810084837E+00
0.215685444428E+01  0.526551896605E+00
0.216190621041E+01  0.493725397056E+00
0.216695797654E+01  0.457553808227E+00
0.217200974267E+01  0.418283150317E+00
0.217706150881E+01  0.376180493591E+00
0.218211327494E+01  0.331532061933E+00
0.218716504107E+01  0.284641202810E+00
0.219221680720E+01  0.235826239388E+00
0.219726857334E+01  0.185418221318E+00
0.220232033947E+01  0.133758591388E+00
0.220737210560E+01  0.811967857391E-01
0.221242387173E+01  0.280877857310E-01
0.221747563786E+01  -0.252103602258E-01
0.222252740400E+01  -0.783390264647E-01
0.222757917013E+01  -0.130941493110E+00
0.223263093626E+01  -0.182665404183E+00
0.223768270239E+01  -0.233165182903E+00
0.224273446853E+01  -0.282104386751E+00
0.224778623466E+01  -0.329157985471E+00
0.225283800079E+01  -0.374014545900E+00
0.225788976692E+01  -0.416378308360E+00
0.226294153305E+01  -0.455971140321E+00
0.226799329919E+01  -0.492534354105E+00
0.227304506532E+01  -0.525830376602E+00
0.227809683145E+01  -0.555644260206E+00
0.228314859758E+01  -0.581785025509E+00
0.228820036372E+01  -0.604086827686E+00
0.229325212985E+01  -0.622409939901E+00
0.229830389598E+01  -0.636641548538E+00
0.230335566211E+01  -0.646696356467E+00
0.230840742824E+01  -0.652516992056E+00
0.231345919438E+01  -0.654074223046E+00
0.231851096051E+01  -0.651366975828E+00
0.232356272664E+01  -0.644422162090E+00
0.232861449277E+01  -0.633294316093E+00
0.233366625891E+01  -0.618065047243E+00
0.233871802504E+01  -0.598842313808E+00
0.234376979117E+01  -0.575759524913E+00
0.234882155730E+01  -0.548974479048E+00
0.235387332343E+01  -0.518668148432E+00
0.235892508957E+01  -0.485043319537E+00
0.236397685570E+01  -0.448323100984E+00
0.236902862183E+01  -0.408749310823E+00
0.237408038796E+01  -0.366580755870E+00
0.237913215410E+01  -0.322091416368E+00
0.238418392023E+01  -0.275568549672E+00
0.238923568636E+01  -0.227310727012E+00
0.239428745249E+01  -0.177625817598E+00
0.239933921862E+01  -0.126828934463E+00
0.240439098476E+01  -0.752403564214E-01
0.240944275089E+01  -0.231834404505E-01
0.241449451702E+01  0.290174613981E-01
0.241954628315E+01  0.810390667301E-01
0.242459804929E+01  0.132561195723E+00
0.242964981542E+01  0.183268759218E+00
0.243470158155E+01  0.232853689505E+00
0.243975334768E+01  0.281016801947E+00
0.244480511381E+01  0.327469576245E+00
0.244985687995E+01  0.371935846899E+00
0.245490864608E+01  0.414153393259E+00
0.245996041221E+01  0.453875420367E+00
0.246501217834E+01  0.490871922767E+00
0.247006394448E+01  0.524930924359E+00
0.247511571061E+01  0.555859588371E+00
0.248016747674E+01  0.583485192531E+00
0.248521924287E+01  0.607655965498E+00
0.249027100900E+01  0.628241781649E+00
0.249532277514E+01  0.645134712293E+00
0.250037454127E+01  0.658249432384E+00
0.250542630740E+01  0.667523482763E+00
0.251047807353E+01  0.672917388889E+00
0.251552983967E+01  0.674414637931E+00
0.252058160580E+01  0.672021516954E+00
0.252563337193E+01  0.665766815773E+00
0.253068513806E+01  0.655701398814E+00
0.253573690419E+01  0.641897651082E+00
0.254078867033E+01  0.624448804009E+00
0.254584043646E+01  0.603468147600E+00
0.255089220259E+01  0.579088135874E+00
0.255594396872E+01  0.551459393122E+00
0.256099573486E+01  0.520749628960E+00
0.256604750099E+01  0.487142470548E+00
0.257109926712E+01  0.450836220691E+00
0.257615103325E+01  0.412042550792E+00
0.258120279938E+01  0.370985137811E+00
0.258625456552E+01  0.327898254536E+00
0.259130633165E+01  0.283025322509E+00
0.259635809778E+01  0.236617436973E+00
0.260140986391E+01  0.188931873109E+00
0.260646163005E+01  0.140230582734E+00
0.261151339618E+01  0.907786904603E-01
0.261656516231E+01  0.408429980488E-01
0.262161692844E+01  -0.930949452659E-02
0.262666869457E+01  -0.594130431510E-01
0.263172046071E+01  -0.109204580948E+00
0.263677222684E+01  -0.158425099542E+00
0.264182399297E+01  -0.206820983186E+00
0.264687575910E+01  -0.254145289221E+00
0.265192752524E+01  -0.300158968764E+00
0.265697929137E+01  -0.344632022078E+00
0.266203105750E+01  -0.387344583570E+00
0.266708282363E+01  -0.428087931923E+00
0.267213458976E+01  -0.466665421417E+00
0.267718635590E+01  -0.502893331071E+00
0.268223812203E+01  -0.536601628812E+00
0.268728988816E+01  -0.567634648428E+00
0.269234165429E+01  -0.595851677663E+00
0.269739342043E+01  -0.621127456324E+00
0.270244518656E+01  -0.643352583863E+00
0.270749695269E+01  -0.662433836377E+00
0.271254871882E+01  -0.678294393498E+00
0.271760048495E+01  -0.690873976133E+00
0.272265225109E+01  -0.700128896464E+00
0.272770401722E+01  -0.706032022067E+00
0.273275578335E+01  -0.708572656419E+00
0.273780754948E+01  -0.707756338465E+00
0.274285931562E+01  -0.703604564265E+00
0.274791108175E+01  -0.696154434099E+00
0.275296284788E+01  -0.685458228709E+00
0.275801461401E+01  -0.671582918638E+00
0.276306638014E+01  -0.654609610885E+00
0.276811814628E+01  -0.634632937302E+00
0.277316991241E+01  -0.611760389363E+00
0.277822167854E+01  -0.586111604066E+00
0.278327344467E+01  -0.557817605858E+00
0.278832521081E+01  -0.527020009563E+00
0.279337697694E+01  -0.493870189342E+00
0.279842874307E+01  -0.458528418731E+00
0.280348050920E+01  -0.421162986799E+00
0.280853227533E+01  -0.381949295445E+00
0.281358404147E+01  -0.341068942784E+00
0.281863580760E+01  -0.298708797473E+00
0.282368757373E+01  -0.255060068755E+00
0.282873933986E+01  -0.210317376847E+00
0.283379110600E+01  -0.164677828156E+00
0.283884287213E+01  -0.118340099654E+00
0.284389463826E+01  -0.715035365506E-01
0.284894640439E+01  -0.243672672112E-01
0.285399817052E+01  0.228706609278E-01
0.285904993666E+01  0.700141209410E-01
0.286410170279E+01  0.116869718194E+00
0.286915346892E+01  0.163247571280E+00
0.287420523505E+01  0.208962059314E+00
0.287925700119E+01  0.253832533043E+00
0.288430876732E+01  0.297683987496E+00
0.288936053345E+01  0.340347694157E+00
0.289441229958E+01  0.381661790905E+00
0.289946406571E+01  0.421471828253E+00
0.290451583185E+01  0.459631270636E+00
0.290956759798E+01  0.496001951813E+00
0.291461936411E+01  0.530454483636E+00
0.291967113024E+01  0.562868617733E+00
0.292472289638E+01  0.593133559869E+00
0.292977466251E+01  0.621148236959E+00
0.293482642864E+01  0.646821516951E+00
0.293987819477E+01  0.670072381992E+00
0.294492996090E+01  0.690830055483E+00
0.294998172704E+01  0.709034083834E+00
0.295503349317E+01  0.724634373892E+00
0.296008525930E+01  0.737591187199E+00
0.296513702543E+01  0.747875092397E+00
0.297018879157E+01  0.755466877221E+00
0.297524055770E+01  0.760357421705E+00
0.298029232383E+01  0.762547534291E+00
0.298534408996E+01  0.762047752692E+00
0.299039585609E+01  0.758878111424E+00
0.299544762223E+01  0.753067878002E+00
0.300049938836E+01  0.744655259892E+00
0.300555115449E+01  0.733687084322E+00
0.301060292062E+01  0.720218453120E+00
0.301565468676E+01  0.704312374776E+00
0.302070645289E+01  0.686039375919E+00
0.302575821902E+01  0.665477094440E+00
0.303080998515E+01  0.642709856454E+00
0.303586175128E+01  0.617828239314E+00
0.304091351742E+01  0.590928622845E+00
0.304596528355E+01  0.562112730962E+00
0.305101704968E+01  0.531487165777E+00
0.305606881581E+01  0.499162936284E+00
0.306112058195E+01  0.465254983630E+00
0.306617234808E+01  0.429881704944E+00
0.307122411421E+01  0.393164477631E+00
0.307627588034E+01  0.355227185941E+00
0.308132764647E+01  0.316195751589E+00
0.308637941261E+01  0.276197670062E+00
0.309143117874E+01  0.235361554224E+00
0.309648294487E+01  0.193816686695E+00
0.310153471100E+01  0.151692582394E+00
0.310658647714E+01  0.109118562574E+00
0.311163824327E+01  0.662233415271E-01
0.311669000940E+01  0.231346270919E-01
0.312174177553E+01  -0.200212640376E-01
0.312679354166E+01  -0.631197752792E-01
0.313184530780E+01  -0.106038462590E+00
0.313689707393E+01  -0.148657329629E+00
0.314194884006E+01  -0.190859145025E+00
0.314700060619E+01  -0.232529741217E+00
0.315205237233E+01  -0.273558294416E+00
0.315710413846E+01  -0.313837585330E+00
0.316215590459E+01  -0.353264240390E+00
0.316720767072E+01  -0.391738953278E+00
0.317225943685E+01  -0.429166686670E+00
0.317731120299E+01  -0.465456854145E+00
0.318236296912E+01  -0.500523482340E+00
0.318741473525E+01  -0.534285353453E+00
0.319246650138E+01  -0.566666128306E+00
0.319751826751E+01  -0.597594450224E+00
0.320257003365E+01  -0.627004030051E+00
0.320762179978E+01  -0.654833712694E+00
0.321267356591E+01  -0.681027525624E+00
0.321772533204E+01  -0.705534709810E+00
0.322277709818E+01  -0.728309733622E+00
0.322782886431E+01  -0.749312290259E+00
0.323288063044E+01  -0.768507279297E+00
0.323793239657E+01  -0.785864772995E+00
0.324298416270E+01  -0.801359968003E+00
0.324803592884E+01  -0.814973123158E+00
0.325308769497E+01  -0.826689484069E+00
0.325813946110E+01  -0.836499195215E+00
0.326319122723E+01  -0.844397200290E+00
0.326824299337E+01  -0.850383131544E+00
0.327329475950E+01  -0.854461188889E+00
0.327834652563E+01  -0.856640009525E+00
0.328339829176E+01  -0.856932528861E+00
0.328845005789E+01  -0.855355833502E+00
0.329350182403E+01  -0.851931007059E+00
0.329855359016E+01  -0.846682969526E+00
0.330360535629E+01  -0.839640310995E+00
0.330865712242E+01  -0.830835120409E+00
0.331370888856E+01  -0.820302810075E+00
0.331876065469E+01  -0.808081936654E+00
0.332381242082E+01  -0.794214019269E+00
0.332886418695E+01  -0.778743355430E+00
0.333391595308E+01  -0.761716835382E+00
0.333896771922E+01  -0.743183755521E+00
0.334401948535E+01  -0.723195631448E+00
0.334907125148E+01  -0.701806011260E+00
0.335412301761E+01  -0.679070289595E+00
0.335917478375E+01  -0.655045522983E+00
0.336422654988E+01  -0.629790246973E+00
0.336927831601E+01  -0.603364295520E+00
0.337433008214E+01  -0.575828623072E+00
0.337938184827E+01  -0.547245129760E+00
0.338443361441E+01  -0.517676490095E+00
0.338948538054E+01  -0.487185985508E+00
0.339453714667E+01  -0.455837341088E+00
0.339958891280E+01  -0.423694566808E+00
0.340464067894E+01  -0.390821803516E+00
0.340969244507E+01  -0.357283173943E+00
0.341474421120E+01  -0.323142638952E+00
0.341979597733E+01  -0.288463859225E+00
0.342484774346E+01  -0.253310062545E+00
0.342989950960E+01  -0.217743916835E+00
0.343495127573E+01  -0.181827409066E+00
0.344000304186E+01  -0.145621730125E+00
0.344505480799E+01  -0.109187165732E+00
0.345010657413E+01  -0.725829934411E-01
0.345515834026E+01  -0.358673857854E-01
0.346021010639E+01  0.902680444768E-03
0.346526187252E+01  0.376715087749E-01
0.347031363865E+01  0.743847614978E-01
0.347536540479E+01  0.110989532039E+00
0.348041717092E+01  0.147434411289E+00
0.348546893705E+01  0.183669547975E+00
0.349052070318E+01  0.219646703147E+00
0.349557246932E+01  0.255319298894E+00
0.350062423545E+01  0.290642461382E+00
0.350567600158E+01  0.325573058359E+00
0.351072776771E+01  0.360069731234E+00
0.351577953384E+01  0.394092921907E+00
0.352083129998E+01  0.427604894468E+00
0.352588306611E+01  0.460569751946E+00
0.353093483224E+01  0.492953448258E+00
0.353598659837E+01  0.524723795530E+00
0.354103836451E+01  0.555850466975E+00
0.354609013064E+01  0.586304995480E+00
0.355114189677E+01  0.616060768106E+00
0.355619366290E+01  0.645093016686E+00
0.356124542903E+01  0.673378804690E+00
0.356629719517E+01  0.700897010567E+00
0.357134896130E+01  0.727628307748E+00
0.357640072743E+01  0.753555141498E+00
0.358145249356E+01  0.778661702823E+00
0.358650425970E+01  0.802933899600E+00
0.359155602583E+01  0.826359325144E+00
0.359660779196E+01  0.848927224377E+00
0.360165955809E+01  0.870628457796E+00
0.360671132422E+01  0.891455463412E+00
0.361176309036E+01  0.911402216847E+00
0.361681485649E+01  0.930464189748E+00
0.362186662262E+01  0.948638306708E+00
0.362691838875E+01  0.965922900847E+00
0.363197015489E+01  0.982317668215E+00
0.363702192102E+01  0.997823621186E+00
0.364207368715E+01  0.101244304099E+01
0.364712545328E+01  0.102617942953E+01
0.365217721941E+01  0.103903746062E+01
0.365722898555E+01  0.105102293080E+01
0.366228075168E+01  0.106214270985E+01
0.366733251781E+01  0.107240469106E+01
0.367238428394E+01  0.108181774159E+01
0.367743605008E+01  0.109039165267E+01
0.368248781621E+01  0.109813709018E+01
0.368753958234E+01  0.110506554532E+01
0.369259134847E+01  0.111118928576E+01
0.369764311460E+01  0.111652130721E+01
0.370269488074E+01  0.112107528552E+01
0.370774664687E+01  0.112486552943E+01
0.371279841300E+01  0.112790693407E+01
0.371785017913E+01  0.113021493511E+01
0.372290194527E+01  0.113180546394E+01
0.372795371140E+01  0.113269490357E+01
0.373300547753E+01  0.113290004558E+01
0.373805724366E+01  0.113243804808E+01
0.374310900979E+01  0.113132639464E+01
0.374816077593E+01  0.112958285440E+01
0.375321254206E+01  0.112722544324E+01
0.375826430819E+01  0.112427238610E+01
0.376331607432E+01  0.112074208053E+01
0.376836784046E+01  0.111665306138E+01
0.377341960659E+01  0.111202396678E+01
0.377847137272E+01  0.110687350531E+01
0.378352313885E+01  0.110122042444E+01
0.378857490498E+01  0.109508348027E+01
0.379362667112E+01  0.108848140842E+01
0.379867843725E+01  0.108143289632E+01
0.380373020338E+01  0.107395655671E+01
0.380878196951E+01  0.106607090232E+01
0.381383373565E+01  0.105779432193E+01
0.381888550178E+01  0.104914505759E+01
0.382393726791E+01  0.104014118306E+01
0.382898903404E+01  0.103080058353E+01
0.383404080017E+01  0.102114093649E+01
0.383909256631E+01  0.101117969380E+01
0.384414433244E+01  0.100093406492E+01
0.384919609857E+01  0.990421001280E+00
0.385424786470E+01  0.979657181813E+00
0.385929963084E+01  0.968658999504E+00
0.386435139697E+01  0.957442549077E+00
0.386940316310E+01  0.946023615691E+00
0.387445492923E+01  0.934417664660E+00
0.387950669536E+01  0.922639832152E+00
0.388455846150E+01  0.910704916849E+00
0.388961022763E+01  0.898627372540E+00
0.389466199376E+01  0.886421301601E+00
0.389971375989E+01  0.874100449357E+00
0.390476552603E+01  0.861678199277E+00
0.390981729216E+01  0.849167568985E+00
0.391486905829E+01  0.836581207042E+00
0.391992082442E+01  0.823931390476E+00
0.392497259055E+01  0.811230023032E+00
0.393002435669E+01  0.798488634097E+00
0.393507612282E+01  0.785718378279E+00
0.394012788895E+01  0.772930035606E+00
0.394517965508E+01  0.760134012316E+00
0.395023142122E+01  0.747340342201E+00
0.395528318735E+01  0.734558688492E+00
0.396033495348E+01  0.721798346237E+00
0.396538671961E+01  0.709068245164E+00
0.397043848574E+01  0.696376952986E+00
0.397549025188E+01  0.683732679127E+00
0.398054201801E+01  0.671143278844E+00
0.398559378414E+01  0.658616257712E+00
0.399064555027E+01  0.646158776447E+00
0.399569731641E+01  0.633777656047E+00
0.400074908254E+01  0.621479383208E+00
0.400580084867E+01  0.609270116021E+00
0.401085261480E+01  0.597155689889E+00
0.401590438093E+01  0.585141623678E+00
0.402095614707E+01  0.573233126060E+00
0.402600791320E+01  0.561435102026E+00
0.403105967933E+01  0.549752159573E+00
0.403611144546E+01  0.538188616518E+00
0.404116321160E+01  0.526748507435E+00
0.404621497773E+01  0.515435590705E+00
0.405126674386E+01  0.504253355634E+00
0.405631850999E+01  0.493205029659E+00
0.406137027612E+01  0.482293585588E+00
0.406642204226E+01  0.471521748886E+00
0.407147380839E+01  0.460892004981E+00
0.407652557452E+01  0.450406606573E+00
0.408157734065E+01  0.440067580950E+00
0.408662910679E+01  0.429876737271E+00
0.409168087292E+01  0.419835673840E+00
0.409673263905E+01  0.409945785334E+00
0.410178440518E+01  0.400208269986E+00
0.410683617131E+01  0.390624136710E+00
0.411188793745E+01  0.381194212172E+00
0.411693970358E+01  0.371919147769E+00
0.412199146971E+01  0.362799426538E+00
0.412704323584E+01  0.353835369972E+00
0.413209500198E+01  0.345027144737E+00
0.413714676811E+01  0.336374769280E+00
0.414219853424E+01  0.327878120338E+00
0.414725030037E+01  0.319536939328E+00
0.415230206650E+01  0.311350838621E+00
0.415735383264E+01  0.303319307690E+00
0.416240559877E+01  0.295441719147E+00
0.416745736490E+01  0.287717334646E+00
0.417250913103E+01  0.280145310652E+00
0.417756089717E+01  0.272724704088E+00
0.418261266330E+01  0.265454477843E+00
0.418766442943E+01  0.258333506135E+00
0.419271619556E+01  0.251360579748E+00
0.419776796169E+01  0.244534411113E+00
0.420281972783E+01  0.237853639256E+00
0.420787149396E+01  0.231316834598E+00
0.421292326009E+01  0.224922503618E+00
0.421797502622E+01  0.218669093371E+00
0.422302679236E+01  0.212554995864E+00
0.422807855849E+01  0.206578552298E+00
0.423313032462E+01  0.200738057169E+00
0.423818209075E+01  0.195031762233E+00
0.424323385688E+01  0.189457880334E+00
0.424828562302E+01  0.184014589096E+00
0.425333738915E+01  0.178700034480E+00
0.425838915528E+01  0.173512334205E+00
0.426344092141E+01  0.168449581043E+00
0.426849268755E+01  0.163509845976E+00
0.427354445368E+01  0.158691181224E+00
0.427859621981E+01  0.153991623156E+00
0.428364798594E+01  0.149409195069E+00
0.428869975207E+01  0.144941909853E+00
0.429375151821E+01  0.140587772533E+00
0.429880328434E+01  0.136344782705E+00
0.430385505047E+01  0.132210936854E+00
0.430890681660E+01  0.128184230558E+00
0.431395858274E+01  0.124262660597E+00
0.431901034887E+01  0.120444226940E+00
0.432406211500E+01  0.116726934636E+00
0.432911388113E+01  0.113108795608E+00
0.433416564726E+01  0.109587830333E+00
0.433921741340E+01  0.106162069443E+00
0.434426917953E+01  0.102829555222E+00
0.434932094566E+01  0.995883430196E-01
0.435437271179E+01  0.964365025769E-01
0.435942447793E+01  0.933721192717E-01
0.436447624406E+01  0.903932952818E-01
0.436952801019E+01  0.874981506725E-01
0.437457977632E+01  0.846848244081E-01
0.437963154245E+01  0.819514752900E-01
0.438468330859E+01  0.792962828236E-01
0.438973507472E+01  0.767174480151E-01
0.439478684085E+01  0.742131941019E-01
0.439983860698E+01  0.717817672185E-01
0.440489037312E+01  0.694214369998E-01
0.440994213925E+01  0.671304971275E-01
0.441499390538E+01  0.649072658196E-01
0.442004567151E+01  0.627500862681E-01
0.442509743764E+01  0.606573270264E-01
0.443014920378E+01  0.586273823486E-01
0.443520096991E+01  0.566586724831E-01
0.444025273604E+01  0.547496439220E-01
0.444530450217E+01  0.528987696066E-01
0.445035626831E+01  0.511045490927E-01
0.445540803444E+01  0.493655086746E-01
0.446045980057E+01  0.476802014721E-01
0.446551156670E+01  0.460472074806E-01
0.447056333283E+01  0.444651335883E-01
0.447561509897E+01  0.429326135610E-01
0.448066686510E+01  0.414483079988E-01
0.448571863123E+01  0.400109042650E-01
0.449077039736E+01  0.386191163905E-01
0.449582216350E+01  0.372716849535E-01
0.450087392963E+01  0.359673769381E-01
0.450592569576E+01  0.347049855693E-01
0.451097746189E+01  0.334833301290E-01
0.451602922802E+01  0.323012557505E-01
0.452108099416E+01  0.311576331949E-01
0.452613276029E+01  0.300513586097E-01
0.453118452642E+01  0.289813532701E-01
0.453623629255E+01  0.279465633076E-01
0.454128805869E+01  0.269459594236E-01
0.454633982482E+01  0.259785365931E-01
0.455139159095E+01  0.250433137580E-01
0.455644335708E+01  0.241393335116E-01
0.456149512321E+01  0.232656617751E-01
0.456654688935E+01  0.224213874667E-01
0.457159865548E+01  0.216056221635E-01
0.457665042161E+01  0.208174997569E-01
0.458170218774E+01  0.200561761006E-01
0.458675395388E+01  0.193208286541E-01
0.459180572001E+01  0.186106561194E-01
0.459685748614E+01  0.179248780748E-01
0.460190925227E+01  0.172627346049E-01
0.460696101840E+01  0.166234859284E-01
0.461201278454E+01  0.160064120259E-01
0.461706455067E+01  0.154108122666E-01
0.462211631680E+01  0.148360050358E-01
0.462716808293E+01  0.142813273634E-01
0.463221984907E+01  0.137461345529E-01
0.463727161520E+01  0.132297998111E-01
0.464232338133E+01  0.127317138791E-01
0.464737514746E+01  0.122512846633E-01
0.465242691359E+01  0.117879368678E-01
0.465747867973E+01  0.113411116282E-01
0.466253044586E+01  0.109102661467E-01
0.466758221199E+01  0.104948733311E-01
0.467263397812E+01  0.100944214364E-01
0.467768574425E+01  0.970841371056E-02
0.468273751039E+01  0.933636804503E-02
0.468778927652E+01  0.897781662996E-02
0.469284104265E+01  0.863230561399E-02
0.469789280878E+01  0.829939476860E-02
0.470294457492E+01  0.797865715667E-02
0.470799634105E+01  0.766967880499E-02
0.471304810718E+01  0.737205838057E-02
0.471809987331E+01  0.708540687085E-02
0.472315163944E+01  0.680934726803E-02
0.472820340558E+01  0.654351425791E-02
0.473325517171E+01  0.628755391379E-02
0.473830693784E+01  0.604112339590E-02
0.474335870397E+01  0.580389065673E-02
0.474841047011E+01  0.557553415242E-02
0.475346223624E+01  0.535574256027E-02
0.475851400237E+01  0.514421450210E-02
0.476356576850E+01  0.494065827319E-02
0.476861753463E+01  0.474479157627E-02
0.477366930077E+01  0.455634126048E-02
0.477872106690E+01  0.437504306479E-02
0.478377283303E+01  0.420064136619E-02
0.478882459916E+01  0.403288893255E-02
0.479387636530E+01  0.387154668054E-02
0.479892813143E+01  0.371638343896E-02
0.480397989756E+01  0.356717571783E-02
0.480903166369E+01  0.342370748329E-02
0.481408342982E+01  0.328576993846E-02
0.481913519596E+01  0.315316131017E-02
0.482418696209E+01  0.302568664101E-02
0.482923872822E+01  0.290315758653E-02
0.483429049435E+01  0.278539221711E-02
0.483934226049E+01  0.267221482405E-02
0.484439402662E+01  0.256345572985E-02
0.484944579275E+01  0.245895110254E-02
0.485449755888E+01  0.235854277410E-02
0.485954932501E+01  0.226207806341E-02
0.486460109115E+01  0.216940960365E-02
0.486965285728E+01  0.208039517470E-02
0.487470462341E+01  0.199489754034E-02
0.487975638954E+01  0.191278429038E-02
0.488480815568E+01  0.183392768749E-02
0.488985992181E+01  0.175820451834E-02
0.489491168794E+01  0.168549594878E-02
0.489996345407E+01  0.161568738269E-02
0.490501522020E+01  0.154866832418E-02
0.491006698634E+01  0.148433224307E-02
0.491511875247E+01  0.142257644362E-02
0.492017051860E+01  0.136330193663E-02
0.492522228473E+01  0.130641331506E-02
0.493027405087E+01  0.125181863343E-02
0.493532581700E+01  0.119942929109E-02
0.494037758313E+01  0.114915991936E-02
0.494542934926E+01  0.110092827260E-02
0.495048111539E+01  0.105465512280E-02
0.495553288153E+01  0.101026415759E-02
0.496058464766E+01  0.967681881298E-03
0.496563641379E+01  0.926837518758E-03
0.497068817992E+01  0.887662921769E-03
0.497573994606E+01  0.850092478024E-03
0.498079171219E+01  0.814063022582E-03
0.498584347832E+01  0.779513751945E-03
0.499089524445E+01  0.746386140891E-03
0.499594701058E+01  0.714623862126E-03
0.500099877672E+01  0.684172708840E-03
0.500605054285E+01  0.654980520094E-03
0.501110230898E+01  0.626997108929E-03
0.501615407511E+01  0.600174192980E-03
0.502120584125E+01  0.574465327378E-03
0.502625760738E+01  0.549825839694E-03
0.503130937351E+01  0.526212766778E-03
0.503636113964E+01  0.503584793371E-03
0.504141290577E+01  0.481902192480E-03
0.504646467191E+01  0.461126767555E-03
0.505151643804E+01  0.441221796544E-03
0.505656820417E+01  0.422151977904E-03
0.506161997030E+01  0.403883378599E-03
0.506667173644E+01  0.386383384062E-03
0.507172350257E+01  0.369620650038E-03
0.507677526870E+01  0.353565056163E-03
0.508182703483E+01  0.338187661118E-03
0.508687880096E+01  0.323460659205E-03
0.509193056710E+01  0.309357338229E-03
0.509698233323E+01  0.295852038631E-03
0.510203409936E+01  0.282920113864E-03
0.510708586549E+01  0.270537892077E-03
0.511213763163E+01  0.258682639159E-03
0.511718939776E+01  0.247332523206E-03
0.512224116389E+01  0.236466580416E-03
0.512729293002E+01  0.226064682385E-03
0.513234469615E+01  0.216107504692E-03
0.513739646229E+01  0.206576496648E-03
0.514244822842E+01  0.197453852066E-03
0.514749999455E+01  0.188722480918E-03
0.515255176068E+01  0.180365981824E-03
0.515760352682E+01  0.172368615345E-03
0.516265529295E+01  0.164715278146E-03
0.516770705908E+01  0.157391478100E-03
0.517275882521E+01  0.150383310435E-03
0.517781059134E+01  0.143677434987E-03
0.518286235748E+01  0.137261054559E-03
0.518791412361E+01  0.131121894313E-03
0.519296588974E+01  0.125248182075E-03
0.519801765587E+01  0.119628629361E-03
0.520306942201E+01  0.114252412957E-03
0.520812118814E+01  0.109109156914E-03
0.521317295427E+01  0.104188914881E-03
0.521822472040E+01  0.994821528159E-04
0.522327648653E+01  0.949797321660E-04
0.522832825267E+01  0.906728936809E-04
0.523338001880E+01  0.865532420234E-04
0.523843178493E+01  0.826127312959E-04
0.524348355106E+01  0.788436515277E-04
0.524853531720E+01  0.752386160551E-04
0.525358708333E+01  0.717905496238E-04
0.525863884946E+01  0.684926769825E-04
0.526369061559E+01  0.653385117148E-04
0.526874238172E+01  0.623218450978E-04
0.527379414786E+01  0.594367348765E-04
0.527884591399E+01  0.566774939646E-04
0.528389768012E+01  0.540386792114E-04
0.528894944625E+01  0.515150804625E-04
0.529400121239E+01  0.491017101943E-04
0.529905297852E+01  0.467937939465E-04
0.530410474465E+01  0.445867616977E-04
0.530915651078E+01  0.424762401693E-04
0.531420827691E+01  0.404580459032E-04
0.531926004305E+01  0.385281788303E-04
0.532431180918E+01  0.366828159756E-04
0.532936357531E+01  0.349183049799E-04
0.533441534144E+01  0.332311572037E-04
0.533946710758E+01  0.316180403419E-04
0.534451887371E+01  0.300757706704E-04
0.534957063984E+01  0.286013051876E-04
0.535462240597E+01  0.271917340328E-04
0.535967417210E+01  0.258442735619E-04
0.536472593824E+01  0.245562603742E-04
0.536977770437E+01  0.233251464191E-04
0.537482947050E+01  0.221484951097E-04
0.537988123663E+01  0.210239781452E-04
0.538493300277E+01  0.199493726314E-04
0.538998476890E+01  0.189225580246E-04
0.539503653503E+01  0.179415124898E-04
0.540008830116E+01  0.170043084408E-04
0.540514006729E+01  0.161091072559E-04
0.541019183343E+01  0.152541534054E-04
0.541524359956E+01  0.144377684294E-04
0.542029536569E+01  0.136583452893E-04
0.542534713182E+01  0.129143435927E-04
0.543039889796E+01  0.122042860342E-04
0.543545066409E+01  0.115267561463E-04
0.544050243022E+01  0.108803971714E-04
0.544555419635E+01  0.102639116254E-04
0.545060596248E+01  0.967606094721E-05
0.545565772862E+01  0.911566463701E-05
0.546070949475E+01  0.858159839348E-05
0.546576126088E+01  0.807279102781E-05
0.547081302701E+01  0.758822023725E-05
0.547586479315E+01  0.712690763668E-05
0.548091655928E+01  0.668791366692E-05
0.548596832541E+01  0.627033308369E-05
0.549102009154E+01  0.587329164031E-05
0.549607185767E+01  0.549594433790E-05
0.550112362381E+01  0.513747527803E-05
0.550617538994E+01  0.479709878299E-05
0.551122715607E+01  0.447406115069E-05
0.551627892220E+01  0.416764225916E-05
0.552133068834E+01  0.387715624508E-05
0.552638245447E+01  0.360195071082E-05
0.553143422060E+01  0.334140425466E-05
0.553648598673E+01  0.309492254425E-05
0.554153775286E+01  0.286193352424E-05
0.554658951900E+01  0.264188260641E-05
0.555164128513E+01  0.243422874053E-05
0.555669305126E+01  0.223844210612E-05
0.556174481739E+01  0.205400381451E-05
0.556679658353E+01  0.188040755694E-05
0.557184834966E+01  0.171716267412E-05
0.557690011579E+01  0.156379777074E-05
0.558195188192E+01  0.141986384380E-05
0.558700364805E+01  0.128493598738E-05
0.559205541419E+01  0.115861304182E-05
0.559710718032E+01  0.104051505032E-05
0.560215894645E+01  0.930278910777E-06
0.560721071258E+01  0.827553073515E-06
0.561226247872E+01  0.731992408569E-06
0.561731424485E+01  0.643254378079E-06
0.562236601098E+01  0.560997385872E-06
0.562741777711E+01  0.484881698947E-06
0.563246954324E+01  0.414572728994E-06
0.563752130938E+01  0.349745900289E-06
0.564257307551E+01  0.290091918401E-06
0.564762484164E+01  0.235321110882E-06
0.565267660777E+01  0.185165697136E-06
0.565772837391E+01  0.139379288247E-06
0.566278014004E+01  0.977335679186E-07
0.566783190617E+01  0.600127858070E-07
0.567288367230E+01  0.260072391142E-07
0.567793543843E+01  -0.449276980316E-08
0.568298720457E+01  -0.317010801296E-07
0.568803897070E+01  -0.558368872811E-07
0.569309073683E+01  -0.771226611185E-07
0.569814250296E+01  -0.957791611162E-07
0.570319426910E+01  -0.112018678047E-06
0.570824603523E+01  -0.126038083871E-06
0.571329780136E+01  -0.138013395741E-06
0.571834956749E+01  -0.148097265014E-06
0.572340133362E+01  -0.156420157430E-06
0.572845309976E+01  -0.163095141434E-06
0.573350486589E+01  -0.168225328443E-06
0.573855663202E+01  -0.171912330152E-06
0.574360839815E+01  -0.174263789579E-06
0.574866016429E+01  -0.175398166722E-06
0.575371193042E+01  -0.175445550602E-06
0.575876369655E+01  -0.174544157371E-06
0.576381546268E+01  -0.172833203781E-06
0.576886722881E+01  -0.170443732792E-06
0.577391899495E+01  -0.167489545136E-06
0.577897076108E+01  -0.164060456927E-06
0.578402252721E+01  -0.160219653218E-06
0.578907429334E+01  -0.156006014151E-06
0.579412605948E+01  -0.151441130717E-06
0.579917782561E+01  -0.146539608770E-06
0.580422959174E+01  -0.141320388691E-06
0.580928135787E+01  -0.135816465253E-06
0.581433312400E+01  -0.130080634831E-06
0.581938489014E+01  -0.124185736628E-06
0.582443665627E+01  -0.118219083972E-06
0.582948842240E+01  -0.112272156592E-06
0.583454018853E+01  -0.106427815326E-06
0.583959195467E+01  -0.100748000175E-06
0.584464372080E+01  -0.952649306494E-07
0.584969548693E+01  -0.899781443613E-07
0.585474725306E+01  -0.848584551381E-07
0.585979901919E+01  -0.798583217706E-07
0.586485078533E+01  -0.749265610467E-07
0.586990255146E+01  -0.700241930560E-07
0.587495431759E+01  -0.651377401168E-07
0.588000608372E+01  -0.602866896961E-07
0.588505784986E+01  -0.555230131055E-07
0.589010961599E+01  -0.509223783029E-07
0.589516138212E+01  -0.465686430801E-07
0.590021314825E+01  -0.425348928083E-07
0.590526491438E+01  -0.388653273916E-07
0.591031668052E+01  -0.355623727032E-07
0.591536844665E+01  -0.325824716542E-07
0.592042021278E+01  -0.298422005792E-07
0.592547197891E+01  -0.272340641634E-07
0.593052374505E+01  -0.246490030937E-07
0.593557551118E+01  -0.220008684332E-07
0.594062727731E+01  -0.192473049523E-07
0.594567904344E+01  -0.164018828087E-07
0.595073080957E+01  -0.135339331842E-07
0.595578257571E+01  -0.107550827009E-07
0.596083434184E+01  -0.819443588113E-08
0.596588610797E+01  -0.596709476345E-08
0.597093787410E+01  -0.414261885912E-08
0.597598964024E+01  -0.272059558433E-08
0.598104140637E+01  -0.161955451105E-08
0.598609317250E+01  -0.683071323516E-09
0.599114493863E+01  0.296493947745E-09
0.599619670476E+01  0.153990653894E-08
0.600124847090E+01  0.323523300588E-08
0.600630023703E+01  0.549305508578E-08
0.601135200316E+01  0.831198618301E-08
0.601640376929E+01  0.115623685073E-07
0.602145553543E+01  0.149929594434E-07
0.602650730156E+01  0.182611838985E-07
0.603155906769E+01  0.209829619840E-07
0.603661083382E+01  0.227941040893E-07
0.604166259995E+01  0.234126272129E-07
0.604671436609E+01  0.226906820861E-07
