0.100000000000E+01  -0.345198158853E-06
0.100503621408E+01  -0.440681266435E-06
0.101007242816E+01  -0.549274375522E-06
0.101510864224E+01  -0.677699478220E-06
0.102014485632E+01  -0.835547330376E-06
0.102518107040E+01  -0.103483404683E-05
0.103021728448E+01  -0.128945831606E-05
0.103525349856E+01  -0.161479597219E-05
0.104028971264E+01  -0.202764262837E-05
0.104532592672E+01  -0.254663747592E-05
0.105036214080E+01  -0.319319497133E-05
0.105539835489E+01  -0.399286615108E-05
0.106043456897E+01  -0.497697684272E-05
0.106547078305E+01  -0.618436599597E-05
0.107050699713E+01  -0.766307911622E-05
0.107554321121E+01  -0.947194917914E-05
0.108057942529E+01  -0.116820978011E-04
0.108561563937E+01  -0.143784847658E-04
0.109065185345E+01  -0.176616986612E-04
0.109568806753E+01  -0.216501995554E-04
0.110072428161E+01  -0.264831945375E-04
0.110576049569E+01  -0.323242607394E-04
0.111079670977E+01  -0.393657503398E-04
0.111583292385E+01  -0.478339434941E-04
0.112086913793E+01  -0.579948792347E-04
0.112590535201E+01  -0.701608019279E-04
0.113094156609E+01  -0.846972094338E-04
0.113597778017E+01  -0.102030564159E-03
0.114101399425E+01  -0.122656807803E-03
0.114605020833E+01  -0.147150882062E-03
0.115108642241E+01  -0.176177484186E-03
0.115612263650E+01  -0.210503272026E-03
0.116115885058E+01  -0.251010684293E-03
0.116619506466E+01  -0.298713473998E-03
0.117123127874E+01  -0.354773987418E-03
0.117626749282E+01  -0.420522176271E-03
0.118130370690E+01  -0.497476318937E-03
0.118633992098E+01  -0.587365448342E-03
0.119137613506E+01  -0.692153529665E-03
0.119641234914E+01  -0.814065482956E-03
0.120144856322E+01  -0.955615184318E-03
0.120648477730E+01  -0.111963558868E-02
0.121152099138E+01  -0.130931108968E-02
0.121655720546E+01  -0.152821217048E-02
0.122159341954E+01  -0.178033231504E-02
0.122662963362E+01  -0.207012705962E-02
0.123166584770E+01  -0.240255498573E-02
0.123670206178E+01  -0.278312039979E-02
0.124173827586E+01  -0.321791741514E-02
0.124677448994E+01  -0.371367514166E-02
0.125181070402E+01  -0.427780368530E-02
0.125684691810E+01  -0.491844064724E-02
0.126188313219E+01  -0.564449777834E-02
0.126691934627E+01  -0.646570737988E-02
0.127195556035E+01  -0.739266794890E-02
0.127699177443E+01  -0.843688845301E-02
0.128202798851E+01  -0.961083049971E-02
0.128706420259E+01  -0.109279475513E-01
0.129210041667E+01  -0.124027202410E-01
0.129713663075E+01  -0.140506867695E-01
0.130217284483E+01  -0.158884673066E-01
0.130720905891E+01  -0.179337812777E-01
0.131224527299E+01  -0.202054563709E-01
0.131728148707E+01  -0.227234280570E-01
0.132231770115E+01  -0.255087283590E-01
0.132735391523E+01  -0.285834625529E-01
0.133239012931E+01  -0.319707724257E-01
0.133742634339E+01  -0.356947846844E-01
0.134246255747E+01  -0.397805430900E-01
0.134749877155E+01  -0.442539229088E-01
0.135253498563E+01  -0.491415263141E-01
0.135757119971E+01  -0.544705574404E-01
0.136260741380E+01  -0.602686758806E-01
0.136764362788E+01  -0.665638275229E-01
0.137267984196E+01  -0.733840517513E-01
0.137771605604E+01  -0.807572641886E-01
0.138275227012E+01  -0.887110143604E-01
0.138778848420E+01  -0.972722179114E-01
0.139282469828E+01  -0.106466863325E+00
0.139786091236E+01  -0.116319693490E+00
0.140289712644E+01  -0.126853862887E+00
0.140793334052E+01  -0.138090571684E+00
0.141296955460E+01  -0.150048678466E+00
0.141800576868E+01  -0.162744293857E+00
0.142304198276E+01  -0.176190357658E+00
0.142807819684E+01  -0.190396202555E+00
0.143311441092E+01  -0.205367107733E+00
0.143815062500E+01  -0.221103846082E+00
0.144318683908E+01  -0.237602228946E+00
0.144822305316E+01  -0.254852652738E+00
0.145325926724E+01  -0.272839652136E+00
0.145829548132E+01  -0.291541465004E+00
0.146333169541E+01  -0.310929614701E+00
0.146836790949E+01  -0.330968515932E+00
0.147340412357E+01  -0.351615110736E+00
0.147844033765E+01  -0.372818541604E+00
0.148347655173E+01  -0.394519868957E+00
0.148851276581E+01  -0.416651840298E+00
0.149354897989E+01  -0.439138718351E+00
0.149858519397E+01  -0.461896175262E+00
0.150362140805E+01  -0.484831259712E+00
0.150865762213E+01  -0.507842443408E+00
0.151369383621E+01  -0.530819752984E+00
0.151873005029E+01  -0.553644992931E+00
0.152376626437E+01  -0.576192064560E+00
0.152880247845E+01  -0.598327385425E+00
0.153383869253E+01  -0.619910412827E+00
0.153887490661E+01  -0.640794274103E+00
0.154391112069E+01  -0.660826505295E+00
0.154894733477E+01  -0.679849898576E+00
0.155398354885E+01  -0.697703457388E+00
0.155901976293E+01  -0.714223456858E+00
0.156405597701E+01  -0.729244605571E+00
0.156909219110E+01  -0.742601303367E+00
0.157412840518E+01  -0.754128988482E+00
0.157916461926E+01  -0.763665566045E+00
0.158420083334E+01  -0.771052908706E+00
0.158923704742E+01  -0.776138418940E+00
0.159427326150E+01  -0.778776641289E+00
0.159930947558E+01  -0.778830911507E+00
0.160434568966E+01  -0.776175028187E+00
0.160938190374E+01  -0.770694931030E+00
0.161441811782E+01  -0.762290368557E+00
0.161945433190E+01  -0.750876536749E+00
0.162449054598E+01  -0.736385669054E+00
0.162952676006E+01  -0.718768557343E+00
0.163456297414E+01  -0.697995982946E+00
0.163959918822E+01  -0.674060036740E+00
0.164463540230E+01  -0.646975307544E+00
0.164967161638E+01  -0.616779918599E+00
0.165470783046E+01  -0.583536392831E+00
0.165974404454E+01  -0.547332328671E+00
0.166478025862E+01  -0.508280869557E+00
0.166981647271E+01  -0.466520951754E+00
0.167485268679E+01  -0.422217316837E+00
0.167988890087E+01  -0.375560277072E+00
0.168492511495E+01  -0.326765224052E+00
0.168996132903E+01  -0.276071873256E+00
0.169499754311E+01  -0.223743239802E+00
0.170003375719E+01  -0.170064343393E+00
0.170506997127E+01  -0.115340643481E+00
0.171010618535E+01  -0.598962087315E-01
0.171514239943E+01  -0.407162816624E-02
0.172017861351E+01  0.517783254101E-01
0.172521482759E+01  0.107287265761E+00
0.173025104167E+01  0.162079980141E+00
0.173528725575E+01  0.215775412376E+00
0.174032346983E+01  0.267989818549E+00
0.174535968391E+01  0.318340068791E+00
0.175039589799E+01  0.366447065852E+00
0.175543211207E+01  0.411939248596E+00
0.176046832615E+01  0.454456146333E+00
0.176550454023E+01  0.493651947969E+00
0.177054075431E+01  0.529199048546E+00
0.177557696840E+01  0.560791534670E+00
0.178061318248E+01  0.588148569798E+00
0.178564939656E+01  0.611017640250E+00
0.179068561064E+01  0.629177623195E+00
0.179572182472E+01  0.642441638671E+00
0.180075803880E+01  0.650659648913E+00
0.180579425288E+01  0.653720769936E+00
0.181083046696E+01  0.651555262350E+00
0.181586668104E+01  0.644136170872E+00
0.182090289512E+01  0.631480584894E+00
0.182593910920E+01  0.613650495809E+00
0.183097532328E+01  0.590753230568E+00
0.183601153736E+01  0.562941445122E+00
0.184104775144E+01  0.530412665980E+00
0.184608396552E+01  0.493408372956E+00
0.185112017960E+01  0.452212621325E+00
0.185615639368E+01  0.407150206823E+00
0.186119260776E+01  0.358584382285E+00
0.186622882184E+01  0.306914139999E+00
0.187126503592E+01  0.252571079091E+00
0.187630125001E+01  0.196015882293E+00
0.188133746409E+01  0.137734431366E+00
0.188637367817E+01  0.782335949997E-01
0.189140989225E+01  0.180367273965E-01
0.189644610633E+01  -0.423210803195E-01
0.190148232041E+01  -0.102297950131E+00
0.190651853449E+01  -0.161350319721E+00
0.191155474857E+01  -0.218938146128E+00
0.191659096265E+01  -0.274530156882E+00
0.192162717673E+01  -0.327609093521E+00
0.192666339081E+01  -0.377676891545E+00
0.193169960489E+01  -0.424259740582E+00
0.193673581897E+01  -0.466912968983E+00
0.194177203305E+01  -0.505225698120E+00
0.194680824713E+01  -0.538825213358E+00
0.195184446121E+01  -0.567381001059E+00
0.195688067529E+01  -0.590608403955E+00
0.196191688937E+01  -0.608271850818E+00
0.196695310345E+01  -0.620187620550E+00
0.197198931753E+01  -0.626226105541E+00
0.197702553161E+01  -0.626313544315E+00
0.198206174570E+01  -0.620433199143E+00
0.198709795978E+01  -0.608625960207E+00
0.199213417386E+01  -0.590990364175E+00
0.199717038794E+01  -0.567682021354E+00
0.200220660202E+01  -0.538912452149E+00
0.200724281610E+01  -0.504947339989E+00
0.201227903018E+01  -0.466104214357E+00
0.201731524426E+01  -0.422749583919E+00
0.202235145834E+01  -0.375295545878E+00
0.202738767242E+01  -0.324195903645E+00
0.203242388650E+01  -0.269941830568E+00
0.203746010058E+01  -0.213057122731E+00
0.204249631466E+01  -0.154093088701E+00
0.204753252874E+01  -0.936231284392E-01
0.205256874282E+01  -0.322370573860E-01
0.205760495690E+01  0.294647651526E-01
0.206264117098E+01  0.908774417186E-01
0.206767738506E+01  0.151397613185E+00
0.207271359914E+01  0.210429541683E+00
0.207774981322E+01  0.267391135390E+00
0.208278602731E+01  0.321719851086E+00
0.208782224139E+01  0.372878411598E+00
0.209285845547E+01  0.420360277143E+00
0.209789466955E+01  0.463694812178E+00
0.210293088363E+01  0.502452092581E+00
0.210796709771E+01  0.536247301819E+00
0.211300331179E+01  0.564744669135E+00
0.211803952587E+01  0.587660907732E+00
0.212307573995E+01  0.604768116299E+00
0.212811195403E+01  0.615896113000E+00
0.213314816811E+01  0.620934177230E+00
0.213818438219E+01  0.619832180786E+00
0.214322059627E+01  0.612601096780E+00
0.214825681035E+01  0.599312881300E+00
0.215329302443E+01  0.580099729619E+00
0.215832923851E+01  0.555152715510E+00
0.216336545259E+01  0.524719828844E+00
0.216840166667E+01  0.489103433087E+00
0.217343788075E+01  0.448657170516E+00
0.217847409483E+01  0.403782348795E+00
0.218351030892E+01  0.354923848010E+00
0.218854652300E+01  0.302565592212E+00
0.219358273708E+01  0.247225633996E+00
0.219861895116E+01  0.189450904492E+00
0.220365516524E+01  0.129811684460E+00
0.220869137932E+01  0.688958548035E-01
0.221372759340E+01  0.730298684186E-02
0.221876380748E+01  -0.543616659811E-01
0.222380002156E+01  -0.115493212593E+00
0.222883623564E+01  -0.175493142614E+00
0.223387244972E+01  -0.233775256760E+00
0.223890866380E+01  -0.289771448902E+00
0.224394487788E+01  -0.342937281270E+00
0.224898109196E+01  -0.392757296845E+00
0.225401730604E+01  -0.438750016145E+00
0.225905352012E+01  -0.480472569253E+00
0.226408973420E+01  -0.517524918179E+00
0.226912594828E+01  -0.549553629233E+00
0.227416216236E+01  -0.576255160172E+00
0.227919837644E+01  -0.597378632168E+00
0.228423459052E+01  -0.612728062322E+00
0.228927080461E+01  -0.622164038210E+00
0.229430701869E+01  -0.625604821872E+00
0.229934323277E+01  -0.623026876671E+00
0.230437944685E+01  -0.614464816387E+00
0.230941566093E+01  -0.600010781840E+00
0.231445187501E+01  -0.579813256100E+00
0.231948808909E+01  -0.554075334951E+00
0.232452430317E+01  -0.523052474585E+00
0.232956051725E+01  -0.487049743598E+00
0.233459673133E+01  -0.446418611041E+00
0.233963294541E+01  -0.401553306628E+00
0.234466915949E+01  -0.352886793111E+00
0.234970537357E+01  -0.300886394264E+00
0.235474158765E+01  -0.246049124919E+00
0.235977780173E+01  -0.188896771903E+00
0.236481401581E+01  -0.129970776665E+00
0.236985022989E+01  -0.698269717406E-01
0.237488644397E+01  -0.903022397349E-02
0.237992265805E+01  0.518509623010E-01
0.238495887213E+01  0.112249829261E+00
0.238999508622E+01  0.171606684764E+00
0.239503130030E+01  0.229374106025E+00
0.240006751438E+01  0.285021978995E+00
0.240510372846E+01  0.338042326936E+00
0.241013994254E+01  0.387953884416E+00
0.241517615662E+01  0.434306376030E+00
0.242021237070E+01  0.476684462616E+00
0.242524858478E+01  0.514711321486E+00
0.243028479886E+01  0.548051831195E+00
0.243532101294E+01  0.576415335632E+00
0.244035722702E+01  0.599557966642E+00
0.244539344110E+01  0.617284508920E+00
0.245042965518E+01  0.629449795595E+00
0.245546586926E+01  0.635959627576E+00
0.246050208334E+01  0.636771214394E+00
0.246553829742E+01  0.631893138889E+00
0.247057451150E+01  0.621384852542E+00
0.247561072558E+01  0.605355712625E+00
0.248064693966E+01  0.583963576444E+00
0.248568315374E+01  0.557412971880E+00
0.249071936782E+01  0.525952867074E+00
0.249575558191E+01  0.489874065470E+00
0.250079179599E+01  0.449506255444E+00
0.250582801007E+01  0.405214746483E+00
0.251086422415E+01  0.357396926189E+00
0.251590043823E+01  0.306478474352E+00
0.252093665231E+01  0.252909371938E+00
0.252597286639E+01  0.197159744003E+00
0.253100908047E+01  0.139715576350E+00
0.253604529455E+01  0.810743461941E-01
0.254108150863E+01  0.217406070868E-01
0.254611772271E+01  -0.377784319156E-01
0.255115393679E+01  -0.969772935920E-01
0.255619015087E+01  -0.155356548150E+00
0.256122636495E+01  -0.212427020194E+00
0.256626257903E+01  -0.267713851856E+00
0.257129879311E+01  -0.320760388841E+00
0.257633500719E+01  -0.371131858375E+00
0.258137122127E+01  -0.418418810510E+00
0.258640743535E+01  -0.462240296932E+00
0.259144364943E+01  -0.502246764265E+00
0.259647986352E+01  -0.538122641851E+00
0.260151607760E+01  -0.569588607092E+00
0.260655229168E+01  -0.596403514585E+00
0.261158850576E+01  -0.618365978504E+00
0.261662471984E+01  -0.635315600875E+00
0.262166093392E+01  -0.647133841592E+00
0.262669714800E+01  -0.653744529206E+00
0.263173336208E+01  -0.655114014573E+00
0.263676957616E+01  -0.651250972496E+00
0.264180579024E+01  -0.642205859382E+00
0.264684200432E+01  -0.628070037684E+00
0.265187821840E+01  -0.608974580527E+00
0.265691443248E+01  -0.585088772306E+00
0.266195064656E+01  -0.556618323286E+00
0.266698686064E+01  -0.523803318229E+00
0.267202307472E+01  -0.486915920844E+00
0.267705928880E+01  -0.446257857401E+00
0.268209550288E+01  -0.402157704162E+00
0.268713171696E+01  -0.354968004329E+00
0.269216793104E+01  -0.305062241040E+00
0.269720414512E+01  -0.252831693519E+00
0.270224035921E+01  -0.198682203798E+00
0.270727657329E+01  -0.143030881562E+00
0.271231278737E+01  -0.863027744691E-01
0.271734900145E+01  -0.289275309849E-01
0.272238521553E+01  0.286639178690E-01
0.272742142961E+01  0.860426322002E-01
0.273245764369E+01  0.142784867715E+00
0.273749385777E+01  0.198475187454E+00
0.274253007185E+01  0.252709458589E+00
0.274756628593E+01  0.305097713497E+00
0.275260250001E+01  0.355266855919E+00
0.275763871409E+01  0.402863194667E+00
0.276267492817E+01  0.447554789118E+00
0.276771114225E+01  0.489033592612E+00
0.277274735633E+01  0.527017381769E+00
0.277778357041E+01  0.561251461725E+00
0.278281978449E+01  0.591510139273E+00
0.278785599857E+01  0.617597957919E+00
0.279289221265E+01  0.639350690814E+00
0.279792842673E+01  0.656636089516E+00
0.280296464082E+01  0.669354388417E+00
0.280800085490E+01  0.677438566517E+00
0.281303706898E+01  0.680854370011E+00
0.281807328306E+01  0.679600100825E+00
0.282310949714E+01  0.673706177856E+00
0.282814571122E+01  0.663234479180E+00
0.283318192530E+01  0.648277474876E+00
0.283821813938E+01  0.628957161436E+00
0.284325435346E+01  0.605423809883E+00
0.284829056754E+01  0.577854540786E+00
0.285332678162E+01  0.546451740247E+00
0.285836299570E+01  0.511441331757E+00
0.286339920978E+01  0.473070919400E+00
0.286843542386E+01  0.431607818449E+00
0.287347163794E+01  0.387336989708E+00
0.287850785202E+01  0.340558894223E+00
0.288354406610E+01  0.291587285081E+00
0.288858028018E+01  0.240746953007E+00
0.289361649426E+01  0.188371442301E+00
0.289865270834E+01  0.134800753460E+00
0.290368892242E+01  0.803790483866E-01
0.290872513651E+01  0.254523736961E-01
0.291376135059E+01  -0.296335830104E-01
0.291879756467E+01  -0.845356896517E-01
0.292383377875E+01  -0.138915505458E+00
0.292886999283E+01  -0.192441343365E+00
0.293390620691E+01  -0.244790247180E+00
0.293894242099E+01  -0.295649872647E+00
0.294397863507E+01  -0.344720262451E+00
0.294901484915E+01  -0.391715506245E+00
0.295405106323E+01  -0.436365277793E+00
0.295908727731E+01  -0.478416242366E+00
0.296412349139E+01  -0.517633328626E+00
0.296915970547E+01  -0.553800860276E+00
0.297419591955E+01  -0.586723543864E+00
0.297923213363E+01  -0.616227310165E+00
0.298426834771E+01  -0.642160007634E+00
0.298930456179E+01  -0.664391947435E+00
0.299434077587E+01  -0.682816300517E+00
0.299937698995E+01  -0.697349348177E+00
0.300441320403E+01  -0.707930588418E+00
0.300944941812E+01  -0.714522701268E+00
0.301448563220E+01  -0.717111377023E+00
0.301952184628E+01  -0.715705012119E+00
0.302455806036E+01  -0.710334278028E+00
0.302959427444E+01  -0.701051569204E+00
0.303463048852E+01  -0.687930336685E+00
0.303966670260E+01  -0.671064314454E+00
0.304470291668E+01  -0.650566646120E+00
0.304973913076E+01  -0.626568919847E+00
0.305477534484E+01  -0.599220119772E+00
0.305981155892E+01  -0.568685502412E+00
0.306484777300E+01  -0.535145406721E+00
0.306988398708E+01  -0.498794006611E+00
0.307492020116E+01  -0.459838014784E+00
0.307995641524E+01  -0.418495346756E+00
0.308499262932E+01  -0.374993753906E+00
0.309002884340E+01  -0.329569434248E+00
0.309506505748E+01  -0.282465629526E+00
0.310010127156E+01  -0.233931216981E+00
0.310513748564E+01  -0.184219303900E+00
0.311017369973E+01  -0.133585832798E+00
0.311520991381E+01  -0.822882046865E-01
0.312024612789E+01  -0.305839276000E-01
0.312528234197E+01  0.212707029042E-01
0.313031855605E+01  0.730218849262E-01
0.313535477013E+01  0.124419547185E+00
0.314039098421E+01  0.175218536311E+00
0.314542719829E+01  0.225179749473E+00
0.315046341237E+01  0.274071207838E+00
0.315549962645E+01  0.321669066824E+00
0.316053584053E+01  0.367758559637E+00
0.316557205461E+01  0.412134871049E+00
0.317060826869E+01  0.454603938892E+00
0.317564448277E+01  0.494983181239E+00
0.318068069685E+01  0.533102147708E+00
0.318571691093E+01  0.568803093828E+00
0.319075312501E+01  0.601941477830E+00
0.319578933909E+01  0.632386379686E+00
0.320082555317E+01  0.660020842651E+00
0.320586176725E+01  0.684742137953E+00
0.321089798133E+01  0.706461953672E+00
0.321593419542E+01  0.725106509233E+00
0.322097040950E+01  0.740616597265E+00
0.322600662358E+01  0.752947554909E+00
0.323104283766E+01  0.762069166969E+00
0.323607905174E+01  0.767965503543E+00
0.324111526582E+01  0.770634695052E+00
0.324615147990E+01  0.770088647748E+00
0.325118769398E+01  0.766352703029E+00
0.325622390806E+01  0.759465244014E+00
0.326126012214E+01  0.749477252984E+00
0.326629633622E+01  0.736451823427E+00
0.327133255030E+01  0.720463630503E+00
0.327636876438E+01  0.701598363836E+00
0.328140497846E+01  0.679952126575E+00
0.328644119254E+01  0.655630804695E+00
0.329147740662E+01  0.628749410519E+00
0.329651362070E+01  0.599431404391E+00
0.330154983478E+01  0.567807998414E+00
0.330658604886E+01  0.534017446070E+00
0.331162226294E+01  0.498204321486E+00
0.331665847703E+01  0.460518791991E+00
0.332169469111E+01  0.421115887505E+00
0.332673090519E+01  0.380154770204E+00
0.333176711927E+01  0.337798007732E+00
0.333680333335E+01  0.294210853140E+00
0.334183954743E+01  0.249560534531E+00
0.334687576151E+01  0.204015557271E+00
0.335191197559E+01  0.157745021413E+00
0.335694818967E+01  0.110917956835E+00
0.336198440375E+01  0.637026783958E-01
0.336702061783E+01  0.162661632017E-01
0.337205683191E+01  -0.312265480561E-01
0.337709304599E+01  -0.786129239795E-01
0.338212926007E+01  -0.125733487988E+00
0.338716547415E+01  -0.172432335124E+00
0.339220168823E+01  -0.218557618950E+00
0.339723790231E+01  -0.263962007542E+00
0.340227411639E+01  -0.308503107749E+00
0.340731033047E+01  -0.352043857089E+00
0.341234654455E+01  -0.394452882811E+00
0.341738275863E+01  -0.435604827829E+00
0.342241897272E+01  -0.475380643401E+00
0.342745518680E+01  -0.513667848570E+00
0.343249140088E+01  -0.550360756514E+00
0.343752761496E+01  -0.585360668132E+00
0.344256382904E+01  -0.618576033247E+00
0.344760004312E+01  -0.649922579997E+00
0.345263625720E+01  -0.679323413057E+00
0.345767247128E+01  -0.706709081445E+00
0.346270868536E+01  -0.732017616797E+00
0.346774489944E+01  -0.755194543053E+00
0.347278111352E+01  -0.776192858614E+00
0.347781732760E+01  -0.794972992078E+00
0.348285354168E+01  -0.811502732762E+00
0.348788975576E+01  -0.825757137218E+00
0.349292596984E+01  -0.837718413065E+00
0.349796218392E+01  -0.847375781411E+00
0.350299839800E+01  -0.854725319255E+00
0.350803461208E+01  -0.859769783194E+00
0.351307082616E+01  -0.862518415864E+00
0.351810704024E+01  -0.862986736488E+00
0.352314325433E+01  -0.861196316950E+00
0.352817946841E+01  -0.857174544809E+00
0.353321568249E+01  -0.850954374649E+00
0.353825189657E+01  -0.842574069153E+00
0.354328811065E+01  -0.832076931272E+00
0.354832432473E+01  -0.819511028803E+00
0.355336053881E+01  -0.804928912707E+00
0.355839675289E+01  -0.788387330404E+00
0.356343296697E+01  -0.769946935290E+00
0.356846918105E+01  -0.749671993666E+00
0.357350539513E+01  -0.727630090225E+00
0.357854160921E+01  -0.703891833221E+00
0.358357782329E+01  -0.678530560382E+00
0.358861403737E+01  -0.651622046582E+00
0.359365025145E+01  -0.623244214248E+00
0.359868646553E+01  -0.593476847400E+00
0.360372267961E+01  -0.562401310177E+00
0.360875889369E+01  -0.530100270634E+00
0.361379510777E+01  -0.496657430531E+00
0.361883132185E+01  -0.462157261797E+00
0.362386753593E+01  -0.426684750270E+00
0.362890375002E+01  -0.390325147291E+00
0.363393996410E+01  -0.353163729662E+00
0.363897617818E+01  -0.315285568430E+00
0.364401239226E+01  -0.276775306909E+00
0.364904860634E+01  -0.237716948304E+00
0.365408482042E+01  -0.198193653230E+00
0.365912103450E+01  -0.158287547386E+00
0.366415724858E+01  -0.118079539569E+00
0.366919346266E+01  -0.776491501869E-01
0.367422967674E+01  -0.370743503637E-01
0.367926589082E+01  0.356858828939E-02
0.368430210490E+01  0.442052332194E-01
0.368933831898E+01  0.847631197952E-01
0.369437453306E+01  0.125171869534E+00
0.369941074714E+01  0.165363297768E+00
0.370444696122E+01  0.205271510861E+00
0.370948317530E+01  0.244832993129E+00
0.371451938938E+01  0.283986683636E+00
0.371955560346E+01  0.322674043090E+00
0.372459181754E+01  0.360839111058E+00
0.372962803163E+01  0.398428553782E+00
0.373466424571E+01  0.435391702845E+00
0.373970045979E+01  0.471680584991E+00
0.374473667387E+01  0.507249943390E+00
0.374977288795E+01  0.542057250655E+00
0.375480910203E+01  0.576062713930E+00
0.375984531611E+01  0.609229272397E+00
0.376488153019E+01  0.641522587521E+00
0.376991774427E+01  0.672911026422E+00
0.377495395835E+01  0.703365638722E+00
0.377999017243E+01  0.732860127247E+00
0.378502638651E+01  0.761370812970E+00
0.379006260059E+01  0.788876594539E+00
0.379509881467E+01  0.815358902787E+00
0.380013502875E+01  0.840801650566E+00
0.380517124283E+01  0.865191178254E+00
0.381020745691E+01  0.888516195300E+00
0.381524367099E+01  0.910767718141E+00
0.382027988507E+01  0.931939004844E+00
0.382531609915E+01  0.952025486807E+00
0.383035231324E+01  0.971024697865E+00
0.383538852732E+01  0.988936201140E+00
0.384042474140E+01  0.100576151392E+01
0.384546095548E+01  0.102150403094E+01
0.385049716956E+01  0.103616894625E+01
0.385553338364E+01  0.104976317405E+01
0.386056959772E+01  0.106229526871E+01
0.386560581180E+01  0.107377534419E+01
0.387064202588E+01  0.108421499315E+01
0.387567823996E+01  0.109362720601E+01
0.388071445404E+01  0.110202629006E+01
0.388575066812E+01  0.110942778904E+01
0.389078688220E+01  0.111584840324E+01
0.389582309628E+01  0.112130591035E+01
0.390085931036E+01  0.112581908733E+01
0.390589552444E+01  0.112940763330E+01
0.391093173852E+01  0.113209209380E+01
0.391596795260E+01  0.113389378631E+01
0.392100416668E+01  0.113483472740E+01
0.392604038076E+01  0.113493756144E+01
0.393107659484E+01  0.113422549101E+01
0.393611280893E+01  0.113272220921E+01
0.394114902301E+01  0.113045183386E+01
0.394618523709E+01  0.112743884367E+01
0.395122145117E+01  0.112370801655E+01
0.395625766525E+01  0.111928437003E+01
0.396129387933E+01  0.111419310385E+01
0.396633009341E+01  0.110845954475E+01
0.397136630749E+01  0.110210909354E+01
0.397640252157E+01  0.109516717434E+01
0.398143873565E+01  0.108765918617E+01
0.398647494973E+01  0.107961045673E+01
0.399151116381E+01  0.107104619850E+01
0.399654737789E+01  0.106199146709E+01
0.400158359197E+01  0.105247112188E+01
0.400661980605E+01  0.104250978896E+01
0.401165602013E+01  0.103213182623E+01
0.401669223421E+01  0.102136129083E+01
0.402172844829E+01  0.101022190863E+01
0.402676466237E+01  0.998737045938E+00
0.403180087645E+01  0.986929683206E+00
0.403683709054E+01  0.974822390834E+00
0.404187330462E+01  0.962437306924E+00
0.404690951870E+01  0.949796116989E+00
0.405194573278E+01  0.936920035559E+00
0.405698194686E+01  0.923829789648E+00
0.406201816094E+01  0.910545604013E+00
0.406705437502E+01  0.897087188172E+00
0.407209058910E+01  0.883473725093E+00
0.407712680318E+01  0.869723861506E+00
0.408216301726E+01  0.855855699747E+00
0.408719923134E+01  0.841886791084E+00
0.409223544542E+01  0.827834130455E+00
0.409727165950E+01  0.813714152552E+00
0.410230787358E+01  0.799542729210E+00
0.410734408766E+01  0.785335168038E+00
0.411238030174E+01  0.771106212247E+00
0.411741651582E+01  0.756870041606E+00
0.412245272990E+01  0.742640274476E+00
0.412748894398E+01  0.728429970846E+00
0.413252515806E+01  0.714251636311E+00
0.413756137214E+01  0.700117226908E+00
0.414259758623E+01  0.686038154764E+00
0.414763380031E+01  0.672025294483E+00
0.415267001439E+01  0.658088990238E+00
0.415770622847E+01  0.644239063503E+00
0.416274244255E+01  0.630484821401E+00
0.416777865663E+01  0.616835065618E+00
0.417281487071E+01  0.603298101834E+00
0.417785108479E+01  0.589881749629E+00
0.418288729887E+01  0.576593352811E+00
0.418792351295E+01  0.563439790102E+00
0.419295972703E+01  0.550427486142E+00
0.419799594111E+01  0.537562422754E+00
0.420303215519E+01  0.524850150440E+00
0.420806836927E+01  0.512295800072E+00
0.421310458335E+01  0.499904094742E+00
0.421814079743E+01  0.487679361771E+00
0.422317701151E+01  0.475625544821E+00
0.422821322559E+01  0.463746216114E+00
0.423324943967E+01  0.452044588694E+00
0.423828565375E+01  0.440523528725E+00
0.424332186784E+01  0.429185567763E+00
0.424835808192E+01  0.418032914985E+00
0.425339429600E+01  0.407067469340E+00
0.425843051008E+01  0.396290831596E+00
0.426346672416E+01  0.385704316277E+00
0.426850293824E+01  0.375308963482E+00
0.427353915232E+01  0.365105550571E+00
0.427857536640E+01  0.355094603715E+00
0.428361158048E+01  0.345276409305E+00
0.428864779456E+01  0.335651025185E+00
0.429368400864E+01  0.326218291705E+00
0.429872022272E+01  0.316977842564E+00
0.430375643680E+01  0.307929115415E+00
0.430879265088E+01  0.299071362244E+00
0.431382886496E+01  0.290403659483E+00
0.431886507904E+01  0.281924917881E+00
0.432390129312E+01  0.273633892138E+00
0.432893750720E+01  0.265529190284E+00
0.433397372128E+01  0.257609282838E+00
0.433900993536E+01  0.249872511722E+00
0.434404614944E+01  0.242317098930E+00
0.434908236353E+01  0.234941154941E+00
0.435411857761E+01  0.227742686863E+00
0.435915479169E+01  0.220719606293E+00
0.436419100577E+01  0.213869736898E+00
0.436922721985E+01  0.207190821708E+00
0.437426343393E+01  0.200680530146E+00
0.437929964801E+01  0.194336464791E+00
0.438433586209E+01  0.188156167900E+00
0.438937207617E+01  0.182137127693E+00
0.439440829025E+01  0.176276784403E+00
0.439944450433E+01  0.170572536096E+00
0.440448071841E+01  0.165021744239E+00
0.440951693249E+01  0.159621739030E+00
0.441455314657E+01  0.154369824459E+00
0.441958936065E+01  0.149263283129E+00
0.442462557473E+01  0.144299380814E+00
0.442966178881E+01  0.139475370803E+00
0.443469800289E+01  0.134788498009E+00
0.443973421697E+01  0.130236002895E+00
0.444477043105E+01  0.125815125202E+00
0.444980664514E+01  0.121523107495E+00
0.445484285922E+01  0.117357198526E+00
0.445987907330E+01  0.113314656410E+00
0.446491528738E+01  0.109392751593E+00
0.446995150146E+01  0.105588769631E+00
0.447498771554E+01  0.101900013769E+00
0.448002392962E+01  0.983238073273E-01
0.448506014370E+01  0.948574959232E-01
0.449009635778E+01  0.914984495384E-01
0.449513257186E+01  0.882440644468E-01
0.450016878594E+01  0.850917650193E-01
0.450520500002E+01  0.820390054061E-01
0.451024121410E+01  0.790832710947E-01
0.451527742818E+01  0.762220803375E-01
0.452031364226E+01  0.734529854418E-01
0.452534985634E+01  0.707735739186E-01
0.453038607042E+01  0.681814694946E-01
0.453542228450E+01  0.656743329972E-01
0.454045849858E+01  0.632498631286E-01
0.454549471266E+01  0.609057971473E-01
0.455053092675E+01  0.586399114707E-01
0.455556714083E+01  0.564500222103E-01
0.456060335491E+01  0.543339856395E-01
0.456563956899E+01  0.522896985912E-01
0.457067578307E+01  0.503150987749E-01
0.457571199715E+01  0.484081650071E-01
0.458074821123E+01  0.465669173495E-01
0.458578442531E+01  0.447894171595E-01
0.459082063939E+01  0.430737670634E-01
0.459585685347E+01  0.414181108669E-01
0.460089306755E+01  0.398206334203E-01
0.460592928163E+01  0.382795604529E-01
0.461096549571E+01  0.367931583823E-01
0.461600170979E+01  0.353597340986E-01
0.462103792387E+01  0.339776347178E-01
0.462607413795E+01  0.326452472922E-01
0.463111035203E+01  0.313609984686E-01
0.463614656611E+01  0.301233540913E-01
0.464118278019E+01  0.289308187515E-01
0.464621899427E+01  0.277819352942E-01
0.465125520835E+01  0.266752842967E-01
0.465629142244E+01  0.256094835367E-01
0.466132763652E+01  0.245831874593E-01
0.466636385060E+01  0.235950866502E-01
0.467140006468E+01  0.226439073116E-01
0.467643627876E+01  0.217284107305E-01
0.468147249284E+01  0.208473927291E-01
0.468650870692E+01  0.199996830845E-01
0.469154492100E+01  0.191841449151E-01
0.469658113508E+01  0.183996740354E-01
0.470161734916E+01  0.176451982902E-01
0.470665356324E+01  0.169196768834E-01
0.471168977732E+01  0.162220997157E-01
0.471672599140E+01  0.155514867430E-01
0.472176220548E+01  0.149068873579E-01
0.472679841956E+01  0.142873797891E-01
0.473183463364E+01  0.136920705081E-01
0.473687084772E+01  0.131200936287E-01
0.474190706180E+01  0.125706102888E-01
0.474694327588E+01  0.120428080091E-01
0.475197948996E+01  0.115359000330E-01
0.475701570405E+01  0.110491246577E-01
0.476205191813E+01  0.105817445726E-01
0.476708813221E+01  0.101330462195E-01
0.477212434629E+01  0.970233918301E-02
0.477716056037E+01  0.928895561430E-02
0.478219677445E+01  0.889224967960E-02
0.478723298853E+01  0.851159702149E-02
0.479226920261E+01  0.814639421757E-02
0.479730541669E+01  0.779605822538E-02
0.480234163077E+01  0.746002580906E-02
0.480737784485E+01  0.713775295206E-02
0.481241405893E+01  0.682871426786E-02
0.481745027301E+01  0.653240242409E-02
0.482248648709E+01  0.624832759455E-02
0.482752270117E+01  0.597601694737E-02
0.483255891525E+01  0.571501416930E-02
0.483759512933E+01  0.546487901732E-02
0.484263134341E+01  0.522518688305E-02
0.484766755749E+01  0.499552835453E-02
0.485270377157E+01  0.477550876371E-02
0.485773998565E+01  0.456474771616E-02
0.486277619974E+01  0.436287860849E-02
0.486781241382E+01  0.416954814625E-02
0.487284862790E+01  0.398441587847E-02
0.487788484198E+01  0.380715376304E-02
0.488292105606E+01  0.363744577026E-02
0.488795727014E+01  0.347498752293E-02
0.489299348422E+01  0.331948596262E-02
0.489802969830E+01  0.317065902629E-02
0.490306591238E+01  0.302823531706E-02
0.490810212646E+01  0.289195375808E-02
0.491313834054E+01  0.276156322681E-02
0.491817455462E+01  0.263682217648E-02
0.492321076870E+01  0.251749825900E-02
0.492824698278E+01  0.240336796602E-02
0.493328319686E+01  0.229421630207E-02
0.493831941094E+01  0.218983649647E-02
0.494335562502E+01  0.209002975049E-02
0.494839183910E+01  0.199460500806E-02
0.495342805318E+01  0.190337873279E-02
0.495846426726E+01  0.181617467492E-02
0.496350048135E+01  0.173282361736E-02
0.496853669543E+01  0.165316309953E-02
0.497357290951E+01  0.157703712733E-02
0.497860912359E+01  0.150429588482E-02
0.498364533767E+01  0.143479546509E-02
0.498868155175E+01  0.136839763420E-02
0.499371776583E+01  0.130496963365E-02
0.499875397991E+01  0.124438401658E-02
0.500379019399E+01  0.118651850415E-02
0.500882640807E+01  0.113125584380E-02
0.501386262215E+01  0.107848365277E-02
0.501889883623E+01  0.102809423654E-02
0.502393505031E+01  0.979984382481E-03
0.502897126439E+01  0.934055138514E-03
0.503400747847E+01  0.890211594090E-03
0.503904369255E+01  0.848362681539E-03
0.504407990663E+01  0.808421011522E-03
0.504911612071E+01  0.770302746917E-03
0.505415233479E+01  0.733927508715E-03
0.505918854887E+01  0.699218298625E-03
0.506422476295E+01  0.666101419107E-03
0.506926097704E+01  0.634506373792E-03
0.507429719112E+01  0.604365738986E-03
0.507933340520E+01  0.575615007828E-03
0.508436961928E+01  0.548192419073E-03
0.508940583336E+01  0.522038788983E-03
0.509444204744E+01  0.497097365378E-03
0.509947826152E+01  0.473313717125E-03
0.510451447560E+01  0.450635662195E-03
0.510955068968E+01  0.429013226049E-03
0.511458690376E+01  0.408398613316E-03
0.511962311784E+01  0.388746172362E-03
0.512465933192E+01  0.370012335557E-03
0.512969554600E+01  0.352155526918E-03
0.513473176008E+01  0.335136040408E-03
0.513976797416E+01  0.318915902832E-03
0.514480418824E+01  0.303458741423E-03
0.514984040232E+01  0.288729675842E-03
0.515487661640E+01  0.274695247458E-03
0.515991283048E+01  0.261323387613E-03
0.516494904456E+01  0.248583414677E-03
0.516998525865E+01  0.236446041000E-03
0.517502147273E+01  0.224883368219E-03
0.518005768681E+01  0.213868853691E-03
0.518509390089E+01  0.203377240818E-03
0.519013011497E+01  0.193384458470E-03
0.519516632905E+01  0.183867505551E-03
0.520020254313E+01  0.174804342463E-03
0.520523875721E+01  0.166173809853E-03
0.521027497129E+01  0.157955586951E-03
0.521531118537E+01  0.150130189578E-03
0.522034739945E+01  0.142678995497E-03
0.522538361353E+01  0.135584276248E-03
0.523041982761E+01  0.128829212726E-03
0.523545604169E+01  0.122397877347E-03
0.524049225577E+01  0.116275176822E-03
0.524552846985E+01  0.110446762862E-03
0.525056468393E+01  0.104898929135E-03
0.525560089801E+01  0.996185179963E-04
0.526063711209E+01  0.945928579588E-04
0.526567332617E+01  0.898097435186E-04
0.527070954025E+01  0.852574555963E-04
0.527574575434E+01  0.809248079037E-04
0.528078196842E+01  0.768011962423E-04
0.528581818250E+01  0.728766268035E-04
0.529085439658E+01  0.691417064420E-04
0.529589061066E+01  0.655875904127E-04
0.530092682474E+01  0.622058972321E-04
0.530596303882E+01  0.589886114865E-04
0.531099925290E+01  0.559279999128E-04
0.531603546698E+01  0.530165623271E-04
0.532107168106E+01  0.502470281246E-04
0.532610789514E+01  0.476123945382E-04
0.533114410922E+01  0.451059893569E-04
0.533618032330E+01  0.427215328020E-04
0.534121653738E+01  0.404531733734E-04
0.534625275146E+01  0.382954808782E-04
0.535128896554E+01  0.362433938218E-04
0.535632517962E+01  0.342921334338E-04
0.536136139370E+01  0.324371078775E-04
0.536639760778E+01  0.306738339294E-04
0.537143382186E+01  0.289978982486E-04
0.537647003595E+01  0.274049678863E-04
0.538150625003E+01  0.258908438596E-04
0.538654246411E+01  0.244515375803E-04
0.539157867819E+01  0.230833422815E-04
0.539661489227E+01  0.217828729488E-04
0.540165110635E+01  0.205470583106E-04
0.540668732043E+01  0.193730840122E-04
0.541172353451E+01  0.182583021946E-04
0.541675974859E+01  0.172001340596E-04
0.542179596267E+01  0.161959948193E-04
0.542683217675E+01  0.152432636768E-04
0.543186839083E+01  0.143393072034E-04
0.543690460491E+01  0.134815472188E-04
0.544194081899E+01  0.126675496656E-04
0.544697703307E+01  0.118951038087E-04
0.545201324715E+01  0.111622638336E-04
0.545704946123E+01  0.104673368723E-04
0.546208567531E+01  0.980881883929E-05
0.546712188939E+01  0.918529666579E-05
0.547215810347E+01  0.859534691057E-05
0.547719431756E+01  0.803746250795E-05
0.548223053164E+01  0.751003080642E-05
0.548726674572E+01  0.701136972416E-05
0.549230295980E+01  0.653980998969E-05
0.549733917388E+01  0.609379619170E-05
0.550237538796E+01  0.567197276067E-05
0.550741160204E+01  0.527322539926E-05
0.551244781612E+01  0.489666258615E-05
0.551748403020E+01  0.454154117855E-05
0.552252024428E+01  0.420715859548E-05
0.552755645836E+01  0.389274546259E-05
0.553259267244E+01  0.359739315301E-05
0.553762888652E+01  0.332003990965E-05
0.554266510060E+01  0.305952054055E-05
0.554770131468E+01  0.281466398241E-05
0.555273752876E+01  0.258440705801E-05
0.555777374284E+01  0.236788686192E-05
0.556280995692E+01  0.216448048856E-05
0.556784617100E+01  0.197377747449E-05
0.557288238508E+01  0.179549210864E-05
0.557791859916E+01  0.162934266296E-05
0.558295481325E+01  0.147493601620E-05
0.558799102733E+01  0.133169522534E-05
0.559302724141E+01  0.119885434527E-05
0.559806345549E+01  0.107552328680E-05
0.560309966957E+01  0.960802639455E-06
0.560813588365E+01  0.853911568365E-06
0.561317209773E+01  0.754286806472E-06
0.561820831181E+01  0.661619313024E-06
0.562324452589E+01  0.575814860952E-06
0.562828073997E+01  0.496889451869E-06
0.563331695405E+01  0.424832102022E-06
0.563835316813E+01  0.359479028100E-06
0.564338938221E+01  0.300440575686E-06
0.564842559629E+01  0.247105963723E-06
0.565346181037E+01  0.198726016927E-06
0.565849802445E+01  0.154548490310E-06
0.566353423853E+01  0.113962727237E-06
0.566857045261E+01  0.766062190418E-07
0.567360666669E+01  0.423969341427E-07
0.567864288077E+01  0.114786806596E-07
0.568367909486E+01  -0.159050285638E-07
0.568871530894E+01  -0.395692801435E-07
0.569375152302E+01  -0.595272655436E-07
0.569878773710E+01  -0.760647908741E-07
0.570382395118E+01  -0.897236128069E-07
0.570886016526E+01  -0.101196583914E-06
0.571389637934E+01  -0.111166607542E-06
0.571893259342E+01  -0.120140752328E-06
0.572396880750E+01  -0.128333990830E-06
0.572900502158E+01  -0.135642370113E-06
0.573404123566E+01  -0.141717299086E-06
0.573907744974E+01  -0.146119830501E-06
0.574411366382E+01  -0.148506906058E-06
0.574914987790E+01  -0.148789524309E-06
0.575418609198E+01  -0.147210041249E-06
0.575922230606E+01  -0.144310616854E-06
0.576425852014E+01  -0.140799565791E-06
0.576929473422E+01  -0.137356094972E-06
0.577433094830E+01  -0.134435517277E-06
0.577936716238E+01  -0.132139045705E-06
0.578440337646E+01  -0.130193399091E-06
0.578943959055E+01  -0.128051095513E-06
0.579447580463E+01  -0.125083128641E-06
0.579951201871E+01  -0.120804388026E-06
0.580454823279E+01  -0.115059139137E-06
0.580958444687E+01  -0.108104125757E-06
0.581462066095E+01  -0.100557907213E-06
0.581965687503E+01  -0.932275888960E-07
0.582469308911E+01  -0.868647289260E-07
0.582972930319E+01  -0.819275982176E-07
0.583476551727E+01  -0.784282309848E-07
0.583980173135E+01  -0.759184182718E-07
0.584483794543E+01  -0.736257701193E-07
0.584987415951E+01  -0.707023991858E-07
0.585491037359E+01  -0.665101701320E-07
0.585994658767E+01  -0.608508351864E-07
0.586498280175E+01  -0.540628542010E-07
0.587001901583E+01  -0.469462701162E-07
0.587505522991E+01  -0.405311273452E-07
0.588009144399E+01  -0.357567849414E-07
0.588512765807E+01  -0.331621758767E-07
0.589016387216E+01  -0.326890956516E-07
0.589520008624E+01  -0.336696801066E-07
0.590023630032E+01  -0.350135448114E-07
0.590527251440E+01  -0.355461727077E-07
0.591030872848E+01  -0.343980711927E-07
0.591534494256E+01  -0.313213598953E-07
0.592038115664E+01  -0.268257848430E-07
0.592541737072E+01  -0.220770846192E-07
0.593045358480E+01  -0.185731535684E-07
0.593548979888E+01  -0.176859036966E-07
0.594052601296E+01  -0.202062136215E-07
0.594556222704E+01  -0.260388554447E-07
0.595059844112E+01  -0.341581434257E-07
0.595563465520E+01  -0.428615020298E-07
0.596067086928E+01  -0.502674604248E-07
0.596570708336E+01  -0.549235364618E-07
0.597074329744E+01  -0.563435021913E-07
0.597577951152E+01  -0.552990558284E-07
0.598081572560E+01  -0.537497392618E-07
0.598585193968E+01  -0.543930512744E-07
0.599088815376E+01  -0.599276479082E-07
0.599592436785E+01  -0.722145210328E-07
0.600096058193E+01  -0.915661758323E-07
0.600599679601E+01  -0.116376367642E-06
0.601103301009E+01  -0.143224359473E-06
0.601606922417E+01  -0.167466961680E-06
0.602110543825E+01  -0.184200618357E-06
0.602614165233E+01  -0.189370357302E-06
0.603117786641E+01  -0.180752549147E-06
