0.100000000000E+01  0.130634890100E-09
0.100503621408E+01  0.136019623336E-09
0.101007242816E+01  0.160071102459E-09
0.101510864224E+01  0.214028166500E-09
0.102014485632E+01  0.304225200806E-09
0.102518107040E+01  0.431340336240E-09
0.103021728448E+01  0.591890919550E-09
0.103525349856E+01  0.781589149828E-09
0.104028971264E+01  0.999569650939E-09
0.104532592672E+01  0.125222174591E-08
0.105036214080E+01  0.155549921794E-08
0.105539835489E+01  0.193510966088E-08
0.106043456897E+01  0.242471405531E-08
0.106547078305E+01  0.306298205463E-08
0.107050699713E+01  0.389081020506E-08
0.107554321121E+01  0.495003758318E-08
0.108057942529E+01  0.628462434193E-08
0.108561563937E+01  0.794454729659E-08
0.109065185345E+01  0.999190048725E-08
0.109568806753E+01  0.125080877506E-07
0.110072428161E+01  0.156007880791E-07
0.110576049569E+01  0.194096052757E-07
0.111079670977E+01  0.241099864673E-07
0.111583292385E+01  0.299158121794E-07
0.112086913793E+01  0.370818439064E-07
0.112590535201E+01  0.459076700310E-07
0.113094156609E+01  0.567447664918E-07
0.113597778017E+01  0.700078180471E-07
0.114101399425E+01  0.861906794877E-07
0.114605020833E+01  0.105886518284E-06
0.115108642241E+01  0.129811130032E-06
0.115612263650E+01  0.158828279133E-06
0.116115885058E+01  0.193976327017E-06
0.116619506466E+01  0.236496215889E-06
0.117123127874E+01  0.287861885253E-06
0.117626749282E+01  0.349815047298E-06
0.118130370690E+01  0.424406761188E-06
0.118633992098E+01  0.514048190287E-06
0.119137613506E+01  0.621572416636E-06
0.119641234914E+01  0.750308355522E-06
0.120144856322E+01  0.904167018767E-06
0.120648477730E+01  0.108773988188E-05
0.121152099138E+01  0.130640916710E-05
0.121655720546E+01  0.156647047282E-05
0.122159341954E+01  0.187526925703E-05
0.122662963362E+01  0.224135390560E-05
0.123166584770E+01  0.267464915874E-05
0.123670206178E+01  0.318665425994E-05
0.124173827586E+01  0.379067018112E-05
0.124677448994E+01  0.450205975520E-05
0.125181070402E+01  0.533854374635E-05
0.125684691810E+01  0.632053515265E-05
0.126188313219E+01  0.747151372283E-05
0.126691934627E+01  0.881844295709E-05
0.127195556035E+01  0.103922328256E-04
0.127699177443E+01  0.122282528250E-04
0.128202798851E+01  0.143669015183E-04
0.128706420259E+01  0.168542399628E-04
0.129210041667E+01  0.197426970978E-04
0.129713663075E+01  0.230918551874E-04
0.130217284483E+01  0.269693228142E-04
0.130720905891E+01  0.314517020629E-04
0.131224527299E+01  0.366256557694E-04
0.131728148707E+01  0.425890804561E-04
0.132231770115E+01  0.494523909973E-04
0.132735391523E+01  0.573399241782E-04
0.133239012931E+01  0.663914698609E-04
0.133742634339E+01  0.767639401021E-04
0.134246255747E+01  0.886331877217E-04
0.134749877155E+01  0.102195986331E-03
0.135253498563E+01  0.117672183427E-03
0.135757119971E+01  0.135307037063E-03
0.136260741380E+01  0.155373745173E-03
0.136764362788E+01  0.178176175238E-03
0.137267984196E+01  0.204051801116E-03
0.137771605604E+01  0.233374853750E-03
0.138275227012E+01  0.266559693003E-03
0.138778848420E+01  0.304064408896E-03
0.139282469828E+01  0.346394661508E-03
0.139786091236E+01  0.394107769357E-03
0.140289712644E+01  0.447817055749E-03
0.140793334052E+01  0.508196461404E-03
0.141296955460E+01  0.575985429667E-03
0.141800576868E+01  0.651994068168E-03
0.142304198276E+01  0.737108588407E-03
0.142807819684E+01  0.832297022697E-03
0.143311441092E+01  0.938615216421E-03
0.143815062500E+01  0.105721309257E-02
0.144318683908E+01  0.118934118464E-02
0.144822305316E+01  0.133635743297E-02
0.145325926724E+01  0.149973423775E-02
0.145829548132E+01  0.168106575928E-02
0.146333169541E+01  0.188207545280E-02
0.146836790949E+01  0.210462382109E-02
0.147340412357E+01  0.235071636398E-02
0.147844033765E+01  0.262251170049E-02
0.148347655173E+01  0.292232983620E-02
0.148851276581E+01  0.325266054655E-02
0.149354897989E+01  0.361617184467E-02
0.149858519397E+01  0.401571850121E-02
0.150362140805E+01  0.445435058091E-02
0.150865762213E+01  0.493532195797E-02
0.151369383621E+01  0.546209876803E-02
0.151873005029E+01  0.603836774987E-02
0.152376626437E+01  0.666804442511E-02
0.152880247845E+01  0.735528105926E-02
0.153383869253E+01  0.810447434416E-02
0.153887490661E+01  0.892027273880E-02
0.154391112069E+01  0.980758340370E-02
0.154894733477E+01  0.107715786621E-01
0.155398354885E+01  0.118177019192E-01
0.155901976293E+01  0.129516729672E-01
0.156405597701E+01  0.141794926001E-01
0.156909219110E+01  0.155074464559E-01
0.157412840518E+01  0.169421080019E-01
0.157916461926E+01  0.184903405729E-01
0.158420083334E+01  0.201592983756E-01
0.158923704742E+01  0.219564263738E-01
0.159427326150E+01  0.238894589773E-01
0.159930947558E+01  0.259664174677E-01
0.160434568966E+01  0.281956061053E-01
0.160938190374E+01  0.305856068675E-01
0.161441811782E+01  0.331452727779E-01
0.161945433190E+01  0.358837197838E-01
0.162449054598E+01  0.388103171378E-01
0.162952676006E+01  0.419346762314E-01
0.163456297414E+01  0.452666378238E-01
0.163959918822E+01  0.488162576009E-01
0.164463540230E+01  0.525937900049E-01
0.164967161638E+01  0.566096702759E-01
0.165470783046E+01  0.608744946633E-01
0.165974404454E+01  0.653989987787E-01
0.166478025862E+01  0.701940340819E-01
0.166981647271E+01  0.752705425085E-01
0.167485268679E+01  0.806395292603E-01
0.167988890087E+01  0.863120337934E-01
0.168492511495E+01  0.922990990412E-01
0.168996132903E+01  0.986117389198E-01
0.169499754311E+01  0.105260904168E+00
0.170003375719E+01  0.112257446591E+00
0.170506997127E+01  0.119612081784E+00
0.171010618535E+01  0.127335350456E+00
0.171514239943E+01  0.135437578468E+00
0.172017861351E+01  0.143928835755E+00
0.172521482759E+01  0.152818894283E+00
0.173025104167E+01  0.162117185228E+00
0.173528725575E+01  0.171832755535E+00
0.174032346983E+01  0.181974223999E+00
0.174535968391E+01  0.192549737001E+00
0.175039589799E+01  0.203566924006E+00
0.175543211207E+01  0.215032852908E+00
0.176046832615E+01  0.226953985315E+00
0.176550454023E+01  0.239336131910E+00
0.177054075431E+01  0.252184408006E+00
0.177557696840E+01  0.265503189519E+00
0.178061318248E+01  0.279296069576E+00
0.178564939656E+01  0.293565816044E+00
0.179068561064E+01  0.308314330290E+00
0.179572182472E+01  0.323542607461E+00
0.180075803880E+01  0.339250698600E+00
0.180579425288E+01  0.355437674859E+00
0.181083046696E+01  0.372101594046E+00
0.181586668104E+01  0.389239469706E+00
0.182090289512E+01  0.406847242919E+00
0.182593910920E+01  0.424919756968E+00
0.183097532328E+01  0.443450735029E+00
0.183601153736E+01  0.462432761027E+00
0.184104775144E+01  0.481857263801E+00
0.184608396552E+01  0.501714504705E+00
0.185112017960E+01  0.521993568753E+00
0.185615639368E+01  0.542682359383E+00
0.186119260776E+01  0.563767596884E+00
0.186622882184E+01  0.585234820491E+00
0.187126503592E+01  0.607068394143E+00
0.187630125001E+01  0.629251515888E+00
0.188133746409E+01  0.651766230947E+00
0.188637367817E+01  0.674593448482E+00
0.189140989225E+01  0.697712962160E+00
0.189644610633E+01  0.721103474636E+00
0.190148232041E+01  0.744742626120E+00
0.190651853449E+01  0.768607027162E+00
0.191155474857E+01  0.792672295764E+00
0.191659096265E+01  0.816913098848E+00
0.192162717673E+01  0.841303198010E+00
0.192666339081E+01  0.865815499393E+00
0.193169960489E+01  0.890422107412E+00
0.193673581897E+01  0.915094381997E+00
0.194177203305E+01  0.939802998978E+00
0.194680824713E+01  0.964518013245E+00
0.195184446121E+01  0.989208924343E+00
0.195688067529E+01  0.101384474420E+01
0.196191688937E+01  0.103839406678E+01
0.196695310345E+01  0.106282513937E+01
0.197198931753E+01  0.108710593555E+01
0.197702553161E+01  0.111120422932E+01
0.198206174570E+01  0.113508767063E+01
0.198709795978E+01  0.115872386178E+01
0.199213417386E+01  0.118208043459E+01
0.199717038794E+01  0.120512512817E+01
0.200220660202E+01  0.122782586691E+01
0.200724281610E+01  0.125015083863E+01
0.201227903018E+01  0.127206857255E+01
0.201731524426E+01  0.129354801694E+01
0.202235145834E+01  0.131455861625E+01
0.202738767242E+01  0.133507038753E+01
0.203242388650E+01  0.135505399567E+01
0.203746010058E+01  0.137448082746E+01
0.204249631466E+01  0.139332306370E+01
0.204753252874E+01  0.141155374914E+01
0.205256874282E+01  0.142914685972E+01
0.205760495690E+01  0.144607736669E+01
0.206264117098E+01  0.146232129722E+01
0.206767738506E+01  0.147785579118E+01
0.207271359914E+01  0.149265915402E+01
0.207774981322E+01  0.150671090572E+01
0.208278602731E+01  0.151999182563E+01
0.208782224139E+01  0.153248399367E+01
0.209285845547E+01  0.154417082761E+01
0.209789466955E+01  0.155503711680E+01
0.210293088363E+01  0.156506905226E+01
0.210796709771E+01  0.157425425308E+01
0.211300331179E+01  0.158258178911E+01
0.211803952587E+01  0.159004219973E+01
0.212307573995E+01  0.159662750864E+01
0.212811195403E+01  0.160233123444E+01
0.213314816811E+01  0.160714839704E+01
0.213818438219E+01  0.161107551969E+01
0.214322059627E+01  0.161411062674E+01
0.214825681035E+01  0.161625323717E+01
0.215329302443E+01  0.161750435384E+01
0.215832923851E+01  0.161786644857E+01
0.216336545259E+01  0.161734344319E+01
0.216840166667E+01  0.161594068645E+01
0.217343788075E+01  0.161366492714E+01
0.217847409483E+01  0.161052428333E+01
0.218351030892E+01  0.160652820800E+01
0.218854652300E+01  0.160168745142E+01
0.219358273708E+01  0.159601402040E+01
0.219861895116E+01  0.158952113486E+01
0.220365516524E+01  0.158222318204E+01
0.220869137932E+01  0.157413566871E+01
0.221372759340E+01  0.156527517160E+01
0.221876380748E+01  0.155565928628E+01
0.222380002156E+01  0.154530657465E+01
0.222883623564E+01  0.153423651116E+01
0.223387244972E+01  0.152246942768E+01
0.223890866380E+01  0.151002645717E+01
0.224394487788E+01  0.149692947616E+01
0.224898109196E+01  0.148320104611E+01
0.225401730604E+01  0.146886435390E+01
0.225905352012E+01  0.145394315151E+01
0.226408973420E+01  0.143846169532E+01
0.226912594828E+01  0.142244468514E+01
0.227416216236E+01  0.140591720349E+01
0.227919837644E+01  0.138890465507E+01
0.228423459052E+01  0.137143270700E+01
0.228927080461E+01  0.135352722981E+01
0.229430701869E+01  0.133521423948E+01
0.229934323277E+01  0.131651984056E+01
0.230437944685E+01  0.129747017072E+01
0.230941566093E+01  0.127809134668E+01
0.231445187501E+01  0.125840941169E+01
0.231948808909E+01  0.123845028482E+01
0.232452430317E+01  0.121823971200E+01
0.232956051725E+01  0.119780321903E+01
0.233459673133E+01  0.117716606655E+01
0.233963294541E+01  0.115635320704E+01
0.234466915949E+01  0.113538924380E+01
0.234970537357E+01  0.111429839196E+01
0.235474158765E+01  0.109310444149E+01
0.235977780173E+01  0.107183072213E+01
0.236481401581E+01  0.105050007035E+01
0.236985022989E+01  0.102913479835E+01
0.237488644397E+01  0.100775666511E+01
0.237992265805E+01  0.986386849676E+00
0.238495887213E+01  0.965045926668E+00
0.238999508622E+01  0.943753844104E+00
0.239503130030E+01  0.922529903619E+00
0.240006751438E+01  0.901392743042E+00
0.240510372846E+01  0.880360321331E+00
0.241013994254E+01  0.859449905805E+00
0.241517615662E+01  0.838678061581E+00
0.242021237070E+01  0.818060643149E+00
0.242524858478E+01  0.797612787962E+00
0.243028479886E+01  0.777348911976E+00
0.243532101294E+01  0.757282707037E+00
0.244035722702E+01  0.737427140056E+00
0.244539344110E+01  0.717794453891E+00
0.245042965518E+01  0.698396169870E+00
0.245546586926E+01  0.679243091883E+00
0.246050208334E+01  0.660345311969E+00
0.246553829742E+01  0.641712217311E+00
0.247057451150E+01  0.623352498570E+00
0.247561072558E+01  0.605274159468E+00
0.248064693966E+01  0.587484527551E+00
0.248568315374E+01  0.569990266067E+00
0.249071936782E+01  0.552797386893E+00
0.249575558191E+01  0.535911264459E+00
0.250079179599E+01  0.519336650608E+00
0.250582801007E+01  0.503077690321E+00
0.251086422415E+01  0.487137938259E+00
0.251590043823E+01  0.471520376008E+00
0.252093665231E+01  0.456227429978E+00
0.252597286639E+01  0.441260989824E+00
0.253100908047E+01  0.426622427318E+00
0.253604529455E+01  0.412312615564E+00
0.254108150863E+01  0.398331948476E+00
0.254611772271E+01  0.384680360435E+00
0.255115393679E+01  0.371357346060E+00
0.255619015087E+01  0.358361980038E+00
0.256122636495E+01  0.345692936958E+00
0.256626257903E+01  0.333348511111E+00
0.257129879311E+01  0.321326636210E+00
0.257633500719E+01  0.309624904994E+00
0.258137122127E+01  0.298240588679E+00
0.258640743535E+01  0.287170656206E+00
0.259144364943E+01  0.276411793265E+00
0.259647986352E+01  0.265960421041E+00
0.260151607760E+01  0.255812714661E+00
0.260655229168E+01  0.245964621289E+00
0.261158850576E+01  0.236411877870E+00
0.261662471984E+01  0.227150028459E+00
0.262166093392E+01  0.218174441138E+00
0.262669714800E+01  0.209480324479E+00
0.263173336208E+01  0.201062743536E+00
0.263676957616E+01  0.192916635345E+00
0.264180579024E+01  0.185036823915E+00
0.264684200432E+01  0.177418034686E+00
0.265187821840E+01  0.170054908453E+00
0.265691443248E+01  0.162942014736E+00
0.266195064656E+01  0.156073864600E+00
0.266698686064E+01  0.149444922913E+00
0.267202307472E+01  0.143049620058E+00
0.267705928880E+01  0.136882363084E+00
0.268209550288E+01  0.130937546322E+00
0.268713171696E+01  0.125209561452E+00
0.269216793104E+01  0.119692807044E+00
0.269720414512E+01  0.114381697576E+00
0.270224035921E+01  0.109270671936E+00
0.270727657329E+01  0.104354201412E+00
0.271231278737E+01  0.996267971902E-01
0.271734900145E+01  0.950830173585E-01
0.272238521553E+01  0.907174734275E-01
0.272742142961E+01  0.865248363804E-01
0.273245764369E+01  0.824998422597E-01
0.273749385777E+01  0.786372973024E-01
0.274253007185E+01  0.749320826353E-01
0.274756628593E+01  0.713791585456E-01
0.275260250001E+01  0.679735683392E-01
0.275763871409E+01  0.647104418057E-01
0.276267492817E+01  0.615849983026E-01
0.276771114225E+01  0.585925494782E-01
0.277274735633E+01  0.557285016485E-01
0.277778357041E+01  0.529883578425E-01
0.278281978449E+01  0.503677195343E-01
0.278785599857E+01  0.478622880734E-01
0.279289221265E+01  0.454678658306E-01
0.279792842673E+01  0.431803570729E-01
0.280296464082E+01  0.409957685822E-01
0.280800085490E+01  0.389102100328E-01
0.281303706898E+01  0.369198941430E-01
0.281807328306E+01  0.350211366142E-01
0.282310949714E+01  0.332103558722E-01
0.282814571122E+01  0.314840726236E-01
0.283318192530E+01  0.298389092392E-01
0.283821813938E+01  0.282715889760E-01
0.284325435346E+01  0.267789350486E-01
0.284829056754E+01  0.253578695599E-01
0.285332678162E+01  0.240054123031E-01
0.285836299570E+01  0.227186794441E-01
0.286339920978E+01  0.214948820970E-01
0.286843542386E+01  0.203313248036E-01
0.287347163794E+01  0.192254039274E-01
0.287850785202E+01  0.181746059737E-01
0.288354406610E+01  0.171765058450E-01
0.288858028018E+01  0.162287650405E-01
0.289361649426E+01  0.153291298068E-01
0.289865270834E+01  0.144754292472E-01
0.290368892242E+01  0.136655733959E-01
0.290872513651E+01  0.128975512614E-01
0.291376135059E+01  0.121694288482E-01
0.291879756467E+01  0.114793471592E-01
0.292383377875E+01  0.108255201884E-01
0.292886999283E+01  0.102062329078E-01
0.293390620691E+01  0.961983925590E-02
0.293894242099E+01  0.906476013078E-02
0.294397863507E+01  0.853948139424E-02
0.294901484915E+01  0.804255188877E-02
0.295405106323E+01  0.757258147098E-02
0.295908727731E+01  0.712823906357E-02
0.296412349139E+01  0.670825072841E-02
0.296915970547E+01  0.631139776322E-02
0.297419591955E+01  0.593651482452E-02
0.297923213363E+01  0.558248807989E-02
0.298426834771E+01  0.524825339231E-02
0.298930456179E+01  0.493279453919E-02
0.299434077587E+01  0.463514146802E-02
0.299937698995E+01  0.435436859011E-02
0.300441320403E+01  0.408959311298E-02
0.300944941812E+01  0.383997341183E-02
0.301448563220E+01  0.360470743999E-02
0.301952184628E+01  0.338303117833E-02
0.302455806036E+01  0.317421712411E-02
0.302959427444E+01  0.297757281954E-02
0.303463048852E+01  0.279243942093E-02
0.303966670260E+01  0.261819030928E-02
0.304470291668E+01  0.245422974265E-02
0.304973913076E+01  0.229999155085E-02
0.305477534484E+01  0.215493787189E-02
0.305981155892E+01  0.201855792975E-02
0.306484777300E+01  0.189036685232E-02
0.306988398708E+01  0.176990452852E-02
0.307492020116E+01  0.165673450363E-02
0.307995641524E+01  0.155044291218E-02
0.308499262932E+01  0.145063744806E-02
0.309002884340E+01  0.135694637159E-02
0.309506505748E+01  0.126901755362E-02
0.310010127156E+01  0.118651755636E-02
0.310513748564E+01  0.110913075037E-02
0.311017369973E+01  0.103655846682E-02
0.311520991381E+01  0.968518183938E-03
0.312024612789E+01  0.904742745897E-03
0.312528234197E+01  0.844979613090E-03
0.313031855605E+01  0.788990142292E-03
0.313535477013E+01  0.736548895912E-03
0.314039098421E+01  0.687442979660E-03
0.314542719829E+01  0.641471408266E-03
0.315046341237E+01  0.598444498909E-03
0.315549962645E+01  0.558183291931E-03
0.316053584053E+01  0.520518998140E-03
0.316557205461E+01  0.485292471701E-03
0.317060826869E+01  0.452353707411E-03
0.317564448277E+01  0.421561360945E-03
0.318068069685E+01  0.392782290810E-03
0.318571691093E+01  0.365891120879E-03
0.319075312501E+01  0.340769822708E-03
0.319578933909E+01  0.317307317140E-03
0.320082555317E+01  0.295399094861E-03
0.320586176725E+01  0.274946855689E-03
0.321089798133E+01  0.255858166187E-03
0.321593419542E+01  0.238046135045E-03
0.322097040950E+01  0.221429105333E-03
0.322600662358E+01  0.205930362614E-03
0.323104283766E+01  0.191477857728E-03
0.323607905174E+01  0.178003943227E-03
0.324111526582E+01  0.165445122598E-03
0.324615147990E+01  0.153741811707E-03
0.325118769398E+01  0.142838112164E-03
0.325622390806E+01  0.132681596501E-03
0.326126012214E+01  0.123223105032E-03
0.326629633622E+01  0.114416554205E-03
0.327133255030E+01  0.106218756001E-03
0.327636876438E+01  0.985892477421E-04
0.328140497846E+01  0.914901314433E-04
0.328644119254E+01  0.848859218569E-04
0.329147740662E+01  0.787434023899E-04
0.329651362070E+01  0.730314883148E-04
0.330154983478E+01  0.677210969434E-04
0.330658604886E+01  0.627850246592E-04
0.331162226294E+01  0.581978308440E-04
0.331665847703E+01  0.539357287453E-04
0.332169469111E+01  0.499764832003E-04
0.332673090519E+01  0.462993149271E-04
0.333176711927E+01  0.428848109016E-04
0.333680333335E+01  0.397148401643E-04
0.334183954743E+01  0.367724743864E-04
0.334687576151E+01  0.340419126193E-04
0.335191197559E+01  0.315084098390E-04
0.335694818967E+01  0.291582091363E-04
0.336198440375E+01  0.269784775945E-04
0.336702061783E+01  0.249572460218E-04
0.337205683191E+01  0.230833526579E-04
0.337709304599E+01  0.213463908781E-04
0.338212926007E+01  0.197366607006E-04
0.338716547415E+01  0.182451237321E-04
0.339220168823E+01  0.168633610323E-04
0.339723790231E+01  0.155835334015E-04
0.340227411639E+01  0.143983436487E-04
0.340731033047E+01  0.133010006187E-04
0.341234654455E+01  0.122851849414E-04
0.341738275863E+01  0.113450166455E-04
0.342241897272E+01  0.104750248684E-04
0.342745518680E+01  0.967011982752E-05
0.343249140088E+01  0.892556713025E-05
0.343752761496E+01  0.823696428460E-05
0.344256382904E+01  0.760021910828E-05
0.344760004312E+01  0.701152963827E-05
0.345263625720E+01  0.646736512346E-05
0.345767247128E+01  0.596444779579E-05
0.346270868536E+01  0.549973528637E-05
0.346774489944E+01  0.507040372270E-05
0.347278111352E+01  0.467383171961E-05
0.347781732760E+01  0.430758549956E-05
0.348285354168E+01  0.396940535382E-05
0.348788975576E+01  0.365719351244E-05
0.349292596984E+01  0.336900332707E-05
0.349796218392E+01  0.310302950266E-05
0.350299839800E+01  0.285759904646E-05
0.350803461208E+01  0.263116259576E-05
0.351307082616E+01  0.242228589240E-05
0.351810704024E+01  0.222964133883E-05
0.352314325433E+01  0.205199971791E-05
0.352817946841E+01  0.188822232177E-05
0.353321568249E+01  0.173725371191E-05
0.353825189657E+01  0.159811533759E-05
0.354328811065E+01  0.146990006579E-05
0.354832432473E+01  0.135176753672E-05
0.355336053881E+01  0.124294011681E-05
0.355839675289E+01  0.114269914443E-05
0.356343296697E+01  0.105038120126E-05
0.356846918105E+01  0.965374223335E-06
0.357350539513E+01  0.887113429285E-06
0.357854160921E+01  0.815077189722E-06
0.358357782329E+01  0.748783064009E-06
0.358861403737E+01  0.687784244573E-06
0.359365025145E+01  0.631666604098E-06
0.359868646553E+01  0.580046391119E-06
0.360372267961E+01  0.532568485401E-06
0.360875889369E+01  0.488905002650E-06
0.361379510777E+01  0.448753980576E-06
0.361883132185E+01  0.411837907949E-06
0.362386753593E+01  0.377901966520E-06
0.362890375002E+01  0.346711979249E-06
0.363393996410E+01  0.318052220396E-06
0.363897617818E+01  0.291723292462E-06
0.364401239226E+01  0.267540312575E-06
0.364904860634E+01  0.245331565947E-06
0.365408482042E+01  0.224937663007E-06
0.365912103450E+01  0.206211112891E-06
0.366415724858E+01  0.189016101300E-06
0.366919346266E+01  0.173228238751E-06
0.367422967674E+01  0.158734073407E-06
0.367926589082E+01  0.145430265091E-06
0.368430210490E+01  0.133222443514E-06
0.368933831898E+01  0.122023907225E-06
0.369437453306E+01  0.111754364336E-06
0.369941074714E+01  0.102338935510E-06
0.370444696122E+01  0.937075555556E-07
0.370948317530E+01  0.857947955506E-07
0.371451938938E+01  0.785400041421E-07
0.371955560346E+01  0.718875731511E-07
0.372459181754E+01  0.657871174969E-07
0.372962803163E+01  0.601933791217E-07
0.373466424571E+01  0.550657894912E-07
0.373970045979E+01  0.503677283565E-07
0.374473667387E+01  0.460656289206E-07
0.374977288795E+01  0.421281320055E-07
0.375480910203E+01  0.385254848100E-07
0.375984531611E+01  0.352292932138E-07
0.376488153019E+01  0.322126399585E-07
0.376991774427E+01  0.294504589189E-07
0.377495395835E+01  0.269199807498E-07
0.377999017243E+01  0.246010570265E-07
0.378502638651E+01  0.224762004266E-07
0.379006260059E+01  0.205302944690E-07
0.379509881467E+01  0.187500245408E-07
0.380013502875E+01  0.171231807205E-07
0.380517124283E+01  0.156380227498E-07
0.381020745691E+01  0.142828788513E-07
0.381524367099E+01  0.130460734232E-07
0.382027988507E+01  0.119161778737E-07
0.382531609915E+01  0.108824647504E-07
0.383035231324E+01  0.993540225484E-08
0.383538852732E+01  0.906699969706E-08
0.384042474140E+01  0.827087662222E-08
0.384546095548E+01  0.754201783436E-08
0.385049716956E+01  0.687628441190E-08
0.385553338364E+01  0.626981748751E-08
0.386056959772E+01  0.571852646877E-08
0.386560581180E+01  0.521780375257E-08
0.387064202588E+01  0.476254586088E-08
0.387567823996E+01  0.434746206978E-08
0.388071445404E+01  0.396754470704E-08
0.388575066812E+01  0.361855814972E-08
0.389078688220E+01  0.329735559166E-08
0.389582309628E+01  0.300193473471E-08
0.390085931036E+01  0.273120033051E-08
0.390589552444E+01  0.248451075060E-08
0.391093173852E+01  0.226115379041E-08
0.391596795260E+01  0.205990951261E-08
0.392100416668E+01  0.187884575982E-08
0.392604038076E+01  0.171539468647E-08
0.393107659484E+01  0.156668291349E-08
0.393611280893E+01  0.142999908219E-08
0.394114902301E+01  0.130324273846E-08
0.394618523709E+01  0.118520652451E-08
0.395122145117E+01  0.107559768246E-08
0.395625766525E+01  0.974796933882E-09
0.396129387933E+01  0.883428974463E-09
0.396633009341E+01  0.801885886210E-09
0.397136630749E+01  0.729956277060E-09
0.397640252157E+01  0.666673928765E-09
0.398143873565E+01  0.610436757456E-09
0.398647494973E+01  0.559339747731E-09
0.399151116381E+01  0.511627044248E-09
0.399654737789E+01  0.466097778202E-09
0.400158359197E+01  0.422343876571E-09
0.400661980605E+01  0.380740904501E-09
0.401165602013E+01  0.342194404237E-09
0.401669223421E+01  0.307733923672E-09
0.402172844829E+01  0.278077110421E-09
0.402676466237E+01  0.253311305572E-09
0.403180087645E+01  0.232790708903E-09
0.403683709054E+01  0.215279741454E-09
0.404187330462E+01  0.199289253585E-09
0.404690951870E+01  0.183501373036E-09
0.405194573278E+01  0.167134037455E-09
0.405698194686E+01  0.150135035899E-09
0.406201816094E+01  0.133141739044E-09
0.406705437502E+01  0.117222152824E-09
0.407209058910E+01  0.103485595580E-09
0.407712680318E+01  0.926853046732E-10
0.408216301726E+01  0.849491296960E-10
0.408719923134E+01  0.797150961761E-10
0.409223544542E+01  0.758948141925E-10
0.409727165950E+01  0.722073375608E-10
0.410230787358E+01  0.675735082245E-10
0.410734408766E+01  0.614410908550E-10
0.411238030174E+01  0.539385502383E-10
0.411741651582E+01  0.458070983576E-10
0.412245272990E+01  0.381377550943E-10
0.412748894398E+01  0.319998698683E-10
0.413252515806E+01  0.280829277882E-10
0.413756137214E+01  0.264661931235E-10
0.414259758623E+01  0.265918432066E-10
0.414763380031E+01  0.274413735172E-10
0.415267001439E+01  0.278641943986E-10
0.415770622847E+01  0.269413770743E-10
0.416274244255E+01  0.242740326728E-10
0.416777865663E+01  0.200980293331E-10
0.417281487071E+01  0.151938987993E-10
0.417785108479E+01  0.106231176942E-10
0.418288729887E+01  0.737477091637E-11
0.418792351295E+01  0.604267254165E-11
0.419295972703E+01  0.663461902380E-11
0.419799594111E+01  0.857344843962E-11
0.420303215519E+01  0.108865246724E-10
0.420806836927E+01  0.125243271293E-10
0.421310458335E+01  0.126956211552E-10
0.421814079743E+01  0.111183666417E-10
0.422317701151E+01  0.810233692238E-11
0.422821322559E+01  0.443908391417E-11
0.423324943967E+01  0.113991821921E-11
0.423828565375E+01  -0.899593283784E-12
0.424332186784E+01  -0.118459783346E-11
0.424835808192E+01  0.218948438989E-12
0.425339429600E+01  0.271361737985E-11
0.425843051008E+01  0.536707868448E-11
0.426346672416E+01  0.721861677209E-11
0.426850293824E+01  0.758819507489E-11
0.427353915232E+01  0.629136571411E-11
0.427857536640E+01  0.369239424083E-11
0.428361158048E+01  0.580563218459E-12
0.428864779456E+01  -0.209422673987E-11
0.429368400864E+01  -0.352726451224E-11
0.429872022272E+01  -0.332124163826E-11
0.430375643680E+01  -0.160801464631E-11
0.430879265088E+01  0.997895472710E-12
0.431382886496E+01  0.360596199682E-11
0.431886507904E+01  0.533839966412E-11
0.432390129312E+01  0.561506687469E-11
0.432893750720E+01  0.433643529042E-11
0.433397372128E+01  0.190859539700E-11
0.433900993536E+01  -0.891080547401E-12
0.434404614944E+01  -0.317468066484E-11
0.434908236353E+01  -0.422815785128E-11
0.435411857761E+01  -0.374238409789E-11
0.435915479169E+01  -0.190853265122E-11
0.436419100577E+01  0.651788330544E-12
0.436922721985E+01  0.308768240730E-11
0.437426343393E+01  0.460375353844E-11
0.437929964801E+01  0.470923680244E-11
0.438433586209E+01  0.337830113770E-11
0.438937207617E+01  0.104973164934E-11
0.439440829025E+01  -0.151828113913E-11
0.439944450433E+01  -0.350112118236E-11
0.440448071841E+01  -0.426927594061E-11
0.440951693249E+01  -0.359520103092E-11
0.441455314657E+01  -0.171882152068E-11
0.441958936065E+01  0.734205902434E-12
0.442462557473E+01  0.296016666757E-11
0.442966178881E+01  0.423782879803E-11
0.443469800289E+01  0.416189951111E-11
0.443973421697E+01  0.276940481830E-11
0.444477043105E+01  0.523874616097E-12
0.444980664514E+01  -0.184120465958E-11
0.445484285922E+01  -0.356196304862E-11
0.445987907330E+01  -0.409138919789E-11
0.446491528738E+01  -0.327411291599E-11
0.446995150146E+01  -0.139143189493E-11
0.447498771554E+01  0.934693995639E-12
0.448002392962E+01  0.294497475787E-11
0.448506014370E+01  0.399264750674E-11
0.449009635778E+01  0.374857433030E-11
0.449513257186E+01  0.230568190425E-11
0.450016878594E+01  0.142948887549E-12
0.450520500002E+01  -0.203197793822E-11
0.451024121410E+01  -0.351777544814E-11
0.451527742818E+01  -0.384218391701E-11
0.452031364226E+01  -0.291425452595E-11
0.452534985634E+01  -0.104994554772E-11
0.453038607042E+01  0.113803091832E-11
0.453542228450E+01  0.293759471436E-11
0.454045849858E+01  0.377020589976E-11
0.454549471266E+01  0.337782120382E-11
0.455053092675E+01  0.190039404671E-11
0.455556714083E+01  -0.172349545935E-12
0.456060335491E+01  -0.216435627052E-11
0.456563956899E+01  -0.343233031439E-11
0.457067578307E+01  -0.357487060890E-11
0.457571199715E+01  -0.255868604409E-11
0.458074821123E+01  -0.725696956433E-12
0.458578442531E+01  0.132276077404E-11
0.459082063939E+01  0.292123977367E-11
0.459585685347E+01  0.355877637913E-11
0.460089306755E+01  0.303960237454E-11
0.460592928163E+01  0.154383525146E-11
0.461096549571E+01  -0.432914076498E-12
0.461600170979E+01  -0.224749820001E-11
0.462103792387E+01  -0.331495344275E-11
0.462607413795E+01  -0.329804862840E-11
0.463111035203E+01  -0.221429146850E-11
0.463614656611E+01  -0.425796306626E-12
0.464118278019E+01  0.148160343908E-11
0.464621899427E+01  0.289006124826E-11
0.465125520835E+01  0.334985298307E-11
0.465629142244E+01  0.272261998708E-11
0.466132763652E+01  0.122353910172E-11
0.466636385060E+01  -0.654325428473E-12
0.467140006468E+01  -0.229970180900E-11
0.467643627876E+01  -0.318257250101E-11
0.468147249284E+01  -0.302663357953E-11
0.468650870692E+01  -0.189312744805E-11
0.469154492100E+01  -0.158533557823E-12
0.469658113508E+01  0.160911238766E-11
0.470161734916E+01  0.283868369438E-11
0.470665356324E+01  0.313852063150E-11
0.471168977732E+01  0.242130031764E-11
0.471672599140E+01  0.929890484077E-12
0.472176220548E+01  -0.845838965318E-12
0.472679841956E+01  -0.232884016088E-11
0.473183463364E+01  -0.304354543098E-11
0.473687084772E+01  -0.276695834516E-11
0.474190706180E+01  -0.159896431684E-11
0.474694327588E+01  0.733200437962E-13
0.475197948996E+01  0.170420456793E-11
0.475701570405E+01  0.276703133198E-11
0.476205191813E+01  0.292357445552E-11
0.476708813221E+01  0.213286605285E-11
0.477212434629E+01  0.660343322470E-12
0.477716056037E+01  -0.101231252230E-11
0.478219677445E+01  -0.234164414392E-11
0.478723298853E+01  -0.290227573356E-11
0.479226920261E+01  -0.252121500442E-11
0.479730541669E+01  -0.133106222010E-11
0.480234163077E+01  0.275320382095E-12
0.480737784485E+01  0.177520989930E-11
0.481241405893E+01  0.268441019238E-11
0.481745027301E+01  0.271609443172E-11
0.482248648709E+01  0.186892068650E-11
0.482752270117E+01  0.425207279506E-12
0.483255891525E+01  -0.114158396937E-11
0.483759512933E+01  -0.232419973622E-11
0.484263134341E+01  -0.274430795685E-11
0.484766755749E+01  -0.227347958678E-11
0.485270377157E+01  -0.107266023536E-11
0.485773998565E+01  0.462877977939E-12
0.486277619974E+01  0.183462484516E-11
0.486781241382E+01  0.260085163853E-11
0.487284862790E+01  0.252018719262E-11
0.487788484198E+01  0.162711017890E-11
0.488292105606E+01  0.218108193922E-12
0.488795727014E+01  -0.124651187236E-11
0.489299348422E+01  -0.229331753521E-11
0.489802969830E+01  -0.258771818989E-11
0.490306591238E+01  -0.204217543386E-11
0.490810212646E+01  -0.841318688919E-12
0.491313834054E+01  0.621686228423E-12
0.491817455462E+01  0.187089162677E-11
0.492321076870E+01  0.250516974469E-11
0.492824698278E+01  0.232569320170E-11
0.493328319686E+01  0.139788837000E-11
0.493831941094E+01  0.283088607063E-13
0.494335562502E+01  -0.133698419978E-11
0.494839183910E+01  -0.225649294370E-11
0.495342805318E+01  -0.243828808968E-11
0.495846426726E+01  -0.183001200123E-11
0.496350048135E+01  -0.635736604939E-12
0.496853669543E+01  0.753590271917E-12
0.497357290951E+01  0.188750114317E-11
0.497860912359E+01  0.240277686898E-11
0.498364533767E+01  0.213822047166E-11
0.498868155175E+01  0.118655986748E-11
0.499371776583E+01  -0.138436796839E-12
0.499875397991E+01  -0.140640059825E-11
0.500379019399E+01  -0.220823221186E-11
0.500882640807E+01  -0.228926058452E-11
0.501386262215E+01  -0.163018293783E-11
0.501889883623E+01  -0.450075193288E-12
0.502393505031E+01  0.865564530441E-12
0.502897126439E+01  0.189014403386E-11
0.503400747847E+01  0.229574717972E-11
0.503904369255E+01  0.195672636690E-11
0.504407990663E+01  0.989194859382E-12
0.504911612071E+01  -0.290130650669E-12
0.505415233479E+01  -0.146487895817E-11
0.505918854887E+01  -0.215711408072E-11
0.506422476295E+01  -0.214779544798E-11
0.506926097704E+01  -0.144557116958E-11
0.507429719112E+01  -0.282412913431E-12
0.507933340520E+01  0.961994609736E-12
0.508436961928E+01  0.188571214061E-11
0.508940583336E+01  0.219389060453E-11
0.509444204744E+01  0.179174556130E-11
0.509947826152E+01  0.815189020419E-12
0.510451447560E+01  -0.416028781091E-12
0.510955068968E+01  -0.150240795285E-11
0.511458690376E+01  -0.209514401978E-11
0.511962311784E+01  -0.200637769964E-11
0.512465933192E+01  -0.127060089035E-11
0.512969554600E+01  -0.129745516702E-12
0.513473176008E+01  0.104493927731E-11
0.513976797416E+01  0.187432739083E-11
0.514480418824E+01  0.209352218025E-11
0.514984040232E+01  0.163674344255E-11
0.515487661640E+01  0.656194403020E-12
0.515991283048E+01  -0.528203811578E-12
0.516494904456E+01  -0.153241814469E-11
0.516998525865E+01  -0.203438044206E-11
0.517502147273E+01  -0.187624747444E-11
0.518005768681E+01  -0.111377671650E-11
0.518509390089E+01  0.296055414100E-14
0.519013011497E+01  0.111035264905E-11
0.519516632905E+01  0.185216746974E-11
0.520020254313E+01  0.199138977980E-11
0.520523875721E+01  0.148728434613E-11
0.521027497129E+01  0.506427411853E-12
0.521531118537E+01  -0.630889377608E-12
0.522034739945E+01  -0.155790652448E-11
0.522538361353E+01  -0.197691908272E-11
0.523041982761E+01  -0.175622595570E-11
0.523545604169E+01  -0.971408131028E-12
0.524049225577E+01  0.120476311627E-12
0.524552846985E+01  0.116606046186E-11
0.525056468393E+01  0.182834128801E-11
0.525560089801E+01  0.189597994402E-11
0.526063711209E+01  0.135135495366E-11
0.526567332617E+01  0.373345459901E-12
0.527070954025E+01  -0.720116353118E-12
0.527574575434E+01  -0.157609535378E-11
0.528078196842E+01  -0.191976809173E-11
0.528581818250E+01  -0.164387844527E-11
0.529085439658E+01  -0.840287105920E-12
0.529589061066E+01  0.228534329821E-12
0.530092682474E+01  0.121700583063E-11
0.530596303882E+01  0.180717104788E-11
0.531099925290E+01  0.181132539039E-11
0.531603546698E+01  0.123120798433E-11
0.532107168106E+01  0.256551688902E-12
0.532610789514E+01  -0.795721633487E-12
0.533114410922E+01  -0.158704840108E-11
0.533618032330E+01  -0.186351156004E-11
0.534121653738E+01  -0.153835931355E-11
0.534625275146E+01  -0.719571622257E-12
0.535128896554E+01  0.326577261914E-12
0.535632517962E+01  0.126267866780E-11
0.536136139370E+01  0.178741346768E-11
0.536639760778E+01  0.173347981559E-11
0.537143382186E+01  0.112095616783E-11
0.537647003595E+01  0.149816967698E-12
0.538150625003E+01  -0.866263315853E-12
0.538654246411E+01  -0.159963680658E-11
0.539157867819E+01  -0.181503644791E-11
0.539661489227E+01  -0.144522363330E-11
0.540165110635E+01  -0.611330805027E-12
0.540668732043E+01  0.416791143241E-12
0.541172353451E+01  0.130693281441E-11
0.541675974859E+01  0.177336863974E-11
0.542179596267E+01  0.166760594312E-11
0.542683217675E+01  0.102510642171E-11
0.543186839083E+01  0.549750304578E-13
0.543690460491E+01  -0.929629848760E-12
0.544194081899E+01  -0.161157516455E-11
0.544697703307E+01  -0.177238583564E-11
0.545201324715E+01  -0.136145955303E-11
0.545704946123E+01  -0.512569838101E-12
0.546208567531E+01  0.499895880307E-12
0.546712188939E+01  0.134948198559E-11
0.547215810347E+01  0.176287251218E-11
0.547719431756E+01  0.160742315077E-11
0.548223053164E+01  0.934252484786E-12
0.548726674572E+01  -0.390697297132E-13
0.549230295980E+01  -0.999761162304E-12
0.549733917388E+01  -0.163805058236E-11
0.550237538796E+01  -0.174936883621E-11
0.550741160204E+01  -0.129893954341E-11
0.551244781612E+01  -0.432070643297E-12
0.551748403020E+01  0.571554321288E-12
0.552252024428E+01  0.138871775214E-11
0.552755645836E+01  0.175614337187E-11
0.553259267244E+01  0.155593178960E-11
0.553762888652E+01  0.852575117660E-12
0.554266510060E+01  -0.127643311781E-12
0.554770131468E+01  -0.106849801256E-11
0.555273752876E+01  -0.166721856811E-11
0.555777374284E+01  -0.173072411439E-11
0.556280995692E+01  -0.123808983712E-11
0.556784617100E+01  -0.347406796542E-12
0.557288238508E+01  0.654988987469E-12
0.557791859916E+01  0.144636704632E-11
0.558295481325E+01  0.177186618902E-11
0.558799102733E+01  0.152548616620E-11
0.559302724141E+01  0.786207871029E-12
0.559806345549E+01  -0.209398075483E-12
0.560309966957E+01  -0.114086040676E-11
0.560813588365E+01  -0.170788716516E-11
0.561317209773E+01  -0.172671460511E-11
0.561820831181E+01  -0.118991139424E-11
0.562324452589E+01  -0.269182641176E-12
0.562828073997E+01  0.740545819562E-12
0.563331695405E+01  0.151314559982E-11
0.563835316813E+01  0.179868238111E-11
0.564338938221E+01  0.150317380110E-11
0.564842559629E+01  0.718913947671E-12
0.565346181037E+01  -0.303383140017E-12
0.565849802445E+01  -0.123525267651E-11
0.566353423853E+01  -0.177533917767E-11
0.566857045261E+01  -0.174765092614E-11
0.567360666669E+01  -0.115763657527E-11
0.567864288077E+01  -0.193064429880E-12
0.568367909486E+01  0.836903266292E-12
0.568871530894E+01  0.159982170657E-11
0.569375152302E+01  0.184711309621E-11
0.569878773710E+01  0.149487797728E-11
0.570382395118E+01  0.652187432070E-12
0.570886016526E+01  -0.412472167364E-12
0.571389637934E+01  -0.135745158252E-11
0.571893259342E+01  -0.187612456911E-11
0.572396880750E+01  -0.179708246301E-11
0.572900502158E+01  -0.114141860629E-11
0.573404123566E+01  -0.115850124410E-12
0.573907744974E+01  0.950300963525E-12
0.574411366382E+01  0.171133346483E-11
0.574914987790E+01  0.191642845978E-11
0.575418609198E+01  0.149232010246E-11
0.575922230606E+01  0.568991253824E-12
0.576425852014E+01  -0.561048714468E-12
0.576929473422E+01  -0.153288823225E-11
0.577433094830E+01  -0.202902023950E-11
0.577936716238E+01  -0.188139178530E-11
0.578440337646E+01  -0.112842126307E-11
0.578943959055E+01  -0.566400934163E-14
0.579447580463E+01  0.112759529527E-11
0.579951201871E+01  0.190313618439E-11
0.580454823279E+01  0.206336374964E-11
0.580958444687E+01  0.154688411563E-11
0.581462066095E+01  0.513201877281E-12
0.581965687503E+01  -0.706086003053E-12
0.582469308911E+01  -0.171092266801E-11
0.582972930319E+01  -0.216196318743E-11
0.583476551727E+01  -0.189206986609E-11
0.583980173135E+01  -0.965333738276E-12
0.584483794543E+01  0.339821228508E-12
0.584987415951E+01  0.161505440075E-11
0.585491037359E+01  0.245367182645E-11
0.585994658767E+01  0.258397853773E-11
0.586498280175E+01  0.196365363060E-11
0.587001901583E+01  0.799471677210E-12
0.587505522991E+01  -0.510554888249E-12
0.588009144399E+01  -0.150115898531E-11
0.588512765807E+01  -0.179103926296E-11
0.589016387216E+01  -0.121006934079E-11
0.589520008624E+01  0.137913060621E-12
0.590023630032E+01  0.189847114168E-11
0.590527251440E+01  0.357424169515E-11
0.591030872848E+01  0.468630513173E-11
0.591534494256E+01  0.493477066628E-11
0.592038115664E+01  0.431011276528E-11
0.592541737072E+01  0.311453926709E-11
0.593045358480E+01  0.188313039561E-11
0.593548979888E+01  0.122037228704E-11
0.594052601296E+01  0.160847144905E-11
0.594556222704E+01  0.323946691758E-11
0.595059844112E+01  0.593405366089E-11
0.595563465520E+01  0.917631738939E-11
0.596067086928E+01  0.122630657924E-10
0.596570708336E+01  0.145288821791E-10
0.597074329744E+01  0.155796487495E-10
0.597577951152E+01  0.154630592129E-10
0.598081572560E+01  0.147123938068E-10
0.598585193968E+01  0.142423916736E-10
0.599088815376E+01  0.151087514684E-10
0.599592436785E+01  0.181938592566E-10
0.600096058193E+01  0.239021493650E-10
0.600599679601E+01  0.319572780639E-10
0.601103301009E+01  0.413636103216E-10
0.601606922417E+01  0.505606684852E-10
0.602110543825E+01  0.577438447440E-10
0.602614165233E+01  0.612741404338E-10
0.603117786641E+01  0.600770676771E-10
