0.100000000000E+01  0.204172020227E-03
0.100503621408E+01  0.202991116870E-03
0.101007242816E+01  0.183687727739E-03
0.101510864224E+01  0.150495950272E-03
0.102014485632E+01  0.109909825074E-03
0.102518107040E+01  0.691677791410E-04
0.103021728448E+01  0.346445553815E-04
0.103525349856E+01  0.105432307678E-04
0.104028971264E+01  -0.181150671849E-05
0.104532592672E+01  -0.394382679326E-05
0.105036214080E+01  0.479686017621E-06
0.105539835489E+01  0.680432897757E-05
0.106043456897E+01  0.106595911856E-04
0.106547078305E+01  0.901167936026E-05
0.107050699713E+01  0.740905217508E-06
0.107554321121E+01  -0.133656695158E-04
0.108057942529E+01  -0.311501366446E-04
0.108561563937E+01  -0.499528359984E-04
0.109065185345E+01  -0.675436368901E-04
0.109568806753E+01  -0.828494402023E-04
0.110072428161E+01  -0.962911993221E-04
0.110576049569E+01  -0.109670162188E-03
0.111079670977E+01  -0.125677622929E-03
0.111583292385E+01  -0.147206180815E-03
0.112086913793E+01  -0.176685422271E-03
0.112590535201E+01  -0.215641785818E-03
0.113094156609E+01  -0.264602198449E-03
0.113597778017E+01  -0.323350975935E-03
0.114101399425E+01  -0.391443785154E-03
0.114605020833E+01  -0.468812242266E-03
0.115108642241E+01  -0.556276760848E-03
0.115612263650E+01  -0.655825152245E-03
0.116115885058E+01  -0.770595012496E-03
0.116619506466E+01  -0.904592527917E-03
0.117123127874E+01  -0.106225959999E-02
0.117626749282E+01  -0.124804191190E-02
0.118130370690E+01  -0.146610239892E-02
0.118633992098E+01  -0.172027258922E-02
0.119137613506E+01  -0.201425659940E-02
0.119641234914E+01  -0.235202429984E-02
0.120144856322E+01  -0.273827536928E-02
0.120648477730E+01  -0.317884034281E-02
0.121152099138E+01  -0.368091124349E-02
0.121655720546E+01  -0.425305278519E-02
0.122159341954E+01  -0.490501586514E-02
0.122662963362E+01  -0.564743560629E-02
0.123166584770E+01  -0.649152818680E-02
0.123670206178E+01  -0.744889538188E-02
0.124173827586E+01  -0.853150637686E-02
0.124677448994E+01  -0.975186668120E-02
0.125181070402E+01  -0.111233233556E-01
0.125684691810E+01  -0.126604132200E-01
0.126188313219E+01  -0.143791487993E-01
0.126691934627E+01  -0.162971579815E-01
0.127195556035E+01  -0.184336397302E-01
0.127699177443E+01  -0.208091541713E-01
0.128202798851E+01  -0.234453129833E-01
0.128706420259E+01  -0.263644605908E-01
0.129210041667E+01  -0.295894312907E-01
0.129713663075E+01  -0.331434349066E-01
0.130217284483E+01  -0.370500751016E-01
0.130720905891E+01  -0.413334559418E-01
0.131224527299E+01  -0.460182990463E-01
0.131728148707E+01  -0.511299856957E-01
0.132231770115E+01  -0.566944573069E-01
0.132735391523E+01  -0.627379468504E-01
0.133239012931E+01  -0.692865600933E-01
0.133742634339E+01  -0.763657641844E-01
0.134246255747E+01  -0.839998601434E-01
0.134749877155E+01  -0.922115099799E-01
0.135253498563E+01  -0.101021361170E+00
0.135757119971E+01  -0.110447770778E+00
0.136260741380E+01  -0.120506591976E+00
0.136764362788E+01  -0.131210959754E+00
0.137267984196E+01  -0.142571008268E+00
0.137771605604E+01  -0.154593470410E+00
0.138275227012E+01  -0.167281144651E+00
0.138778848420E+01  -0.180632253658E+00
0.139282469828E+01  -0.194639751275E+00
0.139786091236E+01  -0.209290649245E+00
0.140289712644E+01  -0.224565428663E+00
0.140793334052E+01  -0.240437576273E+00
0.141296955460E+01  -0.256873251097E+00
0.141800576868E+01  -0.273831053874E+00
0.142304198276E+01  -0.291261851024E+00
0.142807819684E+01  -0.309108602740E+00
0.143311441092E+01  -0.327306161520E+00
0.143815062500E+01  -0.345781037264E+00
0.144318683908E+01  -0.364451157933E+00
0.144822305316E+01  -0.383225680284E+00
0.145325926724E+01  -0.402004915078E+00
0.145829548132E+01  -0.420680422696E+00
0.146333169541E+01  -0.439135311178E+00
0.146836790949E+01  -0.457244737240E+00
0.147340412357E+01  -0.474876581727E+00
0.147844033765E+01  -0.491892253277E+00
0.148347655173E+01  -0.508147572663E+00
0.148851276581E+01  -0.523493704970E+00
0.149354897989E+01  -0.537778131956E+00
0.149858519397E+01  -0.550845683757E+00
0.150362140805E+01  -0.562539668389E+00
0.150865762213E+01  -0.572703142603E+00
0.151369383621E+01  -0.581180356769E+00
0.151873005029E+01  -0.587818382602E+00
0.152376626437E+01  -0.592468903162E+00
0.152880247845E+01  -0.594990118465E+00
0.153383869253E+01  -0.595248704823E+00
0.153887490661E+01  -0.593121765811E+00
0.154391112069E+01  -0.588498726586E+00
0.154894733477E+01  -0.581283145868E+00
0.155398354885E+01  -0.571394443365E+00
0.155901976293E+01  -0.558769556714E+00
0.156405597701E+01  -0.543364545722E+00
0.156909219110E+01  -0.525156151687E+00
0.157412840518E+01  -0.504143299082E+00
0.157916461926E+01  -0.480348502727E+00
0.158420083334E+01  -0.453819123610E+00
0.158923704742E+01  -0.424628407157E+00
0.159427326150E+01  -0.392876242210E+00
0.159930947558E+01  -0.358689595752E+00
0.160434568966E+01  -0.322222602544E+00
0.160938190374E+01  -0.283656312955E+00
0.161441811782E+01  -0.243198119460E+00
0.161945433190E+01  -0.201080887986E+00
0.162449054598E+01  -0.157561813982E+00
0.162952676006E+01  -0.112921008134E+00
0.163456297414E+01  -0.674597992413E-01
0.163959918822E+01  -0.214987289687E-01
0.164463540230E+01  0.246247896250E-01
0.164967161638E+01  0.705591685068E-01
0.165470783046E+01  0.115941694880E+00
0.165974404454E+01  0.160401908769E+00
0.166478025862E+01  0.203565257599E+00
0.166981647271E+01  0.245056960932E+00
0.167485268679E+01  0.284506013356E+00
0.167988890087E+01  0.321549259724E+00
0.168492511495E+01  0.355835491125E+00
0.168996132903E+01  0.387029526396E+00
0.169499754311E+01  0.414816256250E+00
0.170003375719E+01  0.438904630810E+00
0.170506997127E+01  0.459031564623E+00
0.171010618535E+01  0.474965718297E+00
0.171514239943E+01  0.486511097400E+00
0.172017861351E+01  0.493510393377E+00
0.172521482759E+01  0.495847983289E+00
0.173025104167E+01  0.493452508228E+00
0.173528725575E+01  0.486298963830E+00
0.174032346983E+01  0.474410257053E+00
0.174535968391E+01  0.457858205678E+00
0.175039589799E+01  0.436763975255E+00
0.175543211207E+01  0.411297958423E+00
0.176046832615E+01  0.381679102424E+00
0.176550454023E+01  0.348173684391E+00
0.177054075431E+01  0.311093524892E+00
0.177557696840E+01  0.270793623831E+00
0.178061318248E+01  0.227669203545E+00
0.178564939656E+01  0.182152154093E+00
0.179068561064E+01  0.134706894387E+00
0.179572182472E+01  0.858256864485E-01
0.180075803880E+01  0.360234633784E-01
0.180579425288E+01  -0.141677504005E-01
0.181083046696E+01  -0.642047389305E-01
0.181586668104E+01  -0.113539227242E+00
0.182090289512E+01  -0.161624167040E+00
0.182593910920E+01  -0.207920106812E+00
0.183097532328E+01  -0.251901586560E+00
0.183601153736E+01  -0.293063500579E+00
0.184104775144E+01  -0.330927367331E+00
0.184608396552E+01  -0.365047434789E+00
0.185112017960E+01  -0.395016535989E+00
0.185615639368E+01  -0.420471597757E+00
0.186119260776E+01  -0.441098700106E+00
0.186622882184E+01  -0.456637587380E+00
0.187126503592E+01  -0.466885544930E+00
0.187630125001E+01  -0.471700574557E+00
0.188133746409E+01  -0.471003823857E+00
0.188637367817E+01  -0.464781244246E+00
0.189140989225E+01  -0.453084466317E+00
0.189644610633E+01  -0.436030887771E+00
0.190148232041E+01  -0.413802969665E+00
0.190651853449E+01  -0.386646734363E+00
0.191155474857E+01  -0.354869457574E+00
0.191659096265E+01  -0.318836551074E+00
0.192162717673E+01  -0.278967644126E+00
0.192666339081E+01  -0.235731890024E+00
0.193169960489E+01  -0.189642546847E+00
0.193673581897E+01  -0.141250904431E+00
0.194177203305E+01  -0.911396483380E-01
0.194680824713E+01  -0.399157631850E-01
0.195184446121E+01  0.117969189649E-01
0.195688067529E+01  0.633654230344E-01
0.196191688937E+01  0.114155493345E+00
0.196695310345E+01  0.163539526229E+00
0.197198931753E+01  0.210904488448E+00
0.197702553161E+01  0.255659735099E+00
0.198206174570E+01  0.297244633796E+00
0.198709795978E+01  0.335135892707E+00
0.199213417386E+01  0.368854482138E+00
0.199717038794E+01  0.397972036415E+00
0.200220660202E+01  0.422116627394E+00
0.200724281610E+01  0.440977813309E+00
0.201227903018E+01  0.454310885229E+00
0.201731524426E+01  0.461940254749E+00
0.202235145834E+01  0.463761946850E+00
0.202738767242E+01  0.459745177978E+00
0.203242388650E+01  0.449933009735E+00
0.203746010058E+01  0.434442073739E+00
0.204249631466E+01  0.413461365507E+00
0.204753252874E+01  0.387250108029E+00
0.205256874282E+01  0.356134692072E+00
0.205760495690E+01  0.320504712224E+00
0.206264117098E+01  0.280808135113E+00
0.206767738506E+01  0.237545657277E+00
0.207271359914E+01  0.191264331544E+00
0.207774981322E+01  0.142550558827E+00
0.208278602731E+01  0.920225543542E-01
0.208782224139E+01  0.403224022201E-01
0.209285845547E+01  -0.118921893255E-01
0.209789466955E+01  -0.639563248018E-01
0.210293088363E+01  -0.115206449692E+00
0.210796709771E+01  -0.164988872818E+00
0.211300331179E+01  -0.212668185723E+00
0.211803952587E+01  -0.257635477991E+00
0.212307573995E+01  -0.299316241467E+00
0.212811195403E+01  -0.337177851287E+00
0.213314816811E+01  -0.370736510498E+00
0.213818438219E+01  -0.399563550026E+00
0.214322059627E+01  -0.423290987469E+00
0.214825681035E+01  -0.441616265355E+00
0.215329302443E+01  -0.454306109635E+00
0.215832923851E+01  -0.461199468918E+00
0.216336545259E+01  -0.462209511651E+00
0.216840166667E+01  -0.457324670415E+00
0.217343788075E+01  -0.446608730026E+00
0.217847409483E+01  -0.430199960733E+00
0.218351030892E+01  -0.408309302297E+00
0.218854652300E+01  -0.381217611588E+00
0.219358273708E+01  -0.349271997357E+00
0.219861895116E+01  -0.312881281312E+00
0.220365516524E+01  -0.272510643075E+00
0.220869137932E+01  -0.228675525523E+00
0.221372759340E+01  -0.181934893464E+00
0.221876380748E+01  -0.132883950127E+00
0.222380002156E+01  -0.821464213751E-01
0.222883623564E+01  -0.303665173908E-01
0.223387244972E+01  0.217993224286E-01
0.223890866380E+01  0.736908007870E-01
0.224394487788E+01  0.124652153308E+00
0.224898109196E+01  0.174040463107E+00
0.225401730604E+01  0.221233801240E+00
0.225905352012E+01  0.265639091260E+00
0.226408973420E+01  0.306699592676E+00
0.226912594828E+01  0.343901897735E+00
0.227416216236E+01  0.376782340430E+00
0.227919837644E+01  0.404932726809E+00
0.228423459052E+01  0.428005310526E+00
0.228927080461E+01  0.445716955243E+00
0.229430701869E+01  0.457852443267E+00
0.229934323277E+01  0.464266905261E+00
0.230437944685E+01  0.464887357541E+00
0.230941566093E+01  0.459713341316E+00
0.231445187501E+01  0.448816663363E+00
0.231948808909E+01  0.432340242242E+00
0.232452430317E+01  0.410496070395E+00
0.232956051725E+01  0.383562311922E+00
0.233459673133E+01  0.351879568923E+00
0.233963294541E+01  0.315846364985E+00
0.234466915949E+01  0.275913910784E+00
0.234970537357E+01  0.232580231402E+00
0.235474158765E+01  0.186383745637E+00
0.235977780173E+01  0.137896393341E+00
0.236481401581E+01  0.877164077071E-01
0.236985022989E+01  0.364608267912E-01
0.237488644397E+01  -0.152421653395E-01
0.237992265805E+01  -0.667609807154E-01
0.238495887213E+01  -0.117468366694E+00
0.238999508622E+01  -0.166749054673E+00
0.239503130030E+01  -0.214007227488E+00
0.240006751438E+01  -0.258673711661E+00
0.240510372846E+01  -0.300212799862E+00
0.241013994254E+01  -0.338128611972E+00
0.241517615662E+01  -0.371970910823E+00
0.242021237070E+01  -0.401340300390E+00
0.242524858478E+01  -0.425892748538E+00
0.243028479886E+01  -0.445343391143E+00
0.243532101294E+01  -0.459469587515E+00
0.244035722702E+01  -0.468113207271E+00
0.244539344110E+01  -0.471182135759E+00
0.245042965518E+01  -0.468650989906E+00
0.245546586926E+01  -0.460561040309E+00
0.246050208334E+01  -0.447019340636E+00
0.246553829742E+01  -0.428197073062E+00
0.247057451150E+01  -0.404327129247E+00
0.247561072558E+01  -0.375700959404E+00
0.248064693966E+01  -0.342664735975E+00
0.248568315374E+01  -0.305614891205E+00
0.249071936782E+01  -0.264993097784E+00
0.249575558191E+01  -0.221280767633E+00
0.250079179599E+01  -0.174993145865E+00
0.250582801007E+01  -0.126673075899E+00
0.251086422415E+01  -0.768845093734E-01
0.251590043823E+01  -0.262058326025E-01
0.252093665231E+01  0.247769188874E-01
0.252597286639E+01  0.754768842592E-01
0.253100908047E+01  0.125313162813E+00
0.253604529455E+01  0.173717480537E+00
0.254108150863E+01  0.220140655343E+00
0.254611772271E+01  0.264058779636E+00
0.255115393679E+01  0.304979043620E+00
0.255619015087E+01  0.342445131038E+00
0.256122636495E+01  0.376042129587E+00
0.256626257903E+01  0.405400909503E+00
0.257129879311E+01  0.430201934031E+00
0.257633500719E+01  0.450178473448E+00
0.258137122127E+01  0.465119199902E+00
0.258640743535E+01  0.474870143840E+00
0.259144364943E+01  0.479335995856E+00
0.259647986352E+01  0.478480741550E+00
0.260151607760E+01  0.472327622942E+00
0.260655229168E+01  0.460958428372E+00
0.261158850576E+01  0.444512123458E+00
0.261662471984E+01  0.423182847214E+00
0.262166093392E+01  0.397217308503E+00
0.262669714800E+01  0.366911626909E+00
0.263173336208E+01  0.332607668140E+00
0.263676957616E+01  0.294688926914E+00
0.264180579024E+01  0.253576010769E+00
0.264684200432E+01  0.209721777587E+00
0.265187821840E+01  0.163606179234E+00
0.265691443248E+01  0.115730864710E+00
0.266195064656E+01  0.666135989484E-01
0.266698686064E+01  0.167825574589E-01
0.267202307472E+01  -0.332294385875E-01
0.267705928880E+01  -0.828906789823E-01
0.268209550288E+01  -0.131676243944E+00
0.268713171696E+01  -0.179073539524E+00
0.269216793104E+01  -0.224587626881E+00
0.269720414512E+01  -0.267746290195E+00
0.270224035921E+01  -0.308104795615E+00
0.270727657329E+01  -0.345250300618E+00
0.271231278737E+01  -0.378805878637E+00
0.271734900145E+01  -0.408434127346E+00
0.272238521553E+01  -0.433840331099E+00
0.272742142961E+01  -0.454775149617E+00
0.273245764369E+01  -0.471036807304E+00
0.273749385777E+01  -0.482472761557E+00
0.274253007185E+01  -0.488980834597E+00
0.274756628593E+01  -0.490509801424E+00
0.275260250001E+01  -0.487059435678E+00
0.275763871409E+01  -0.478680024195E+00
0.276267492817E+01  -0.465471368798E+00
0.276771114225E+01  -0.447581299413E+00
0.277274735633E+01  -0.425203725918E+00
0.277778357041E+01  -0.398576257572E+00
0.278281978449E+01  -0.367977419511E+00
0.278785599857E+01  -0.333723496588E+00
0.279289221265E+01  -0.296165036796E+00
0.279792842673E+01  -0.255683049871E+00
0.280296464082E+01  -0.212684941281E+00
0.280800085490E+01  -0.167600226761E+00
0.281303706898E+01  -0.120876076885E+00
0.281807328306E+01  -0.729727438143E-01
0.282310949714E+01  -0.243589228142E-01
0.282814571122E+01  0.244929007061E-01
0.283318192530E+01  0.731110713251E-01
0.283821813938E+01  0.121029307824E+00
0.284325435346E+01  0.167791132291E+00
0.284829056754E+01  0.212954147742E+00
0.285332678162E+01  0.256094129394E+00
0.285836299570E+01  0.296808895095E+00
0.286339920978E+01  0.334721920528E+00
0.286843542386E+01  0.369485665418E+00
0.287347163794E+01  0.400784578988E+00
0.287850785202E+01  0.428337756697E+00
0.288354406610E+01  0.451901225720E+00
0.288858028018E+01  0.471269843119E+00
0.289361649426E+01  0.486278797292E+00
0.289865270834E+01  0.496804709145E+00
0.290368892242E+01  0.502766333919E+00
0.290872513651E+01  0.504124867526E+00
0.291376135059E+01  0.500883862882E+00
0.291879756467E+01  0.493088762851E+00
0.292383377875E+01  0.480826057733E+00
0.292886999283E+01  0.464222077521E+00
0.293390620691E+01  0.443441432573E+00
0.293894242099E+01  0.418685120871E+00
0.294397863507E+01  0.390188324951E+00
0.294901484915E+01  0.358217926198E+00
0.295405106323E+01  0.323069767706E+00
0.295908727731E+01  0.285065698851E+00
0.296412349139E+01  0.244550435069E+00
0.296915970547E+01  0.201888265441E+00
0.297419591955E+01  0.157459639236E+00
0.297923213363E+01  0.111657661249E+00
0.298426834771E+01  0.648845252406E-01
0.298930456179E+01  0.175479150891E-01
0.299434077587E+01  -0.299425956017E-01
0.299937698995E+01  -0.771791133964E-01
0.300441320403E+01  -0.123758931521E+00
0.300944941812E+01  -0.169287940220E+00
0.301448563220E+01  -0.213383909756E+00
0.301952184628E+01  -0.255679617632E+00
0.302455806036E+01  -0.295825795307E+00
0.302959427444E+01  -0.333493873587E+00
0.303463048852E+01  -0.368378509456E+00
0.303966670260E+01  -0.400199879823E+00
0.304470291668E+01  -0.428705729480E+00
0.304973913076E+01  -0.453673161565E+00
0.305477534484E+01  -0.474910159668E+00
0.305981155892E+01  -0.492256831755E+00
0.306484777300E+01  -0.505586367925E+00
0.306988398708E+01  -0.514805706764E+00
0.307492020116E+01  -0.519855908646E+00
0.307995641524E+01  -0.520712238309E+00
0.308499262932E+01  -0.517383962902E+00
0.309002884340E+01  -0.509913874934E+00
0.309506505748E+01  -0.498377551856E+00
0.310010127156E+01  -0.482882365277E+00
0.310513748564E+01  -0.463566253405E+00
0.311017369973E+01  -0.440596270549E+00
0.311520991381E+01  -0.414166927923E+00
0.312024612789E+01  -0.384498340891E+00
0.312528234197E+01  -0.351834199334E+00
0.313031855605E+01  -0.316439579760E+00
0.313535477013E+01  -0.278598619892E+00
0.314039098421E+01  -0.238612078203E+00
0.314542719829E+01  -0.196794801957E+00
0.315046341237E+01  -0.153473127451E+00
0.315549962645E+01  -0.108982235551E+00
0.316053584053E+01  -0.636634843489E-01
0.316557205461E+01  -0.178617393906E-01
0.317060826869E+01  0.280772793246E-01
0.317564448277E+01  0.738096151512E-01
0.318068069685E+01  0.118995639339E+00
0.318571691093E+01  0.163302544256E+00
0.319075312501E+01  0.206406747259E+00
0.319578933909E+01  0.247996187519E+00
0.320082555317E+01  0.287772498992E+00
0.320586176725E+01  0.325453044255E+00
0.321089798133E+01  0.360772795970E+00
0.321593419542E+01  0.393486055037E+00
0.322097040950E+01  0.423367996771E+00
0.322600662358E+01  0.450216038373E+00
0.323104283766E+01  0.473851022477E+00
0.323607905174E+01  0.494118212626E+00
0.324111526582E+01  0.510888097377E+00
0.324615147990E+01  0.524057000547E+00
0.325118769398E+01  0.533547496155E+00
0.325622390806E+01  0.539308628009E+00
0.326126012214E+01  0.541315935602E+00
0.326629633622E+01  0.539571289883E+00
0.327133255030E+01  0.534102544383E+00
0.327636876438E+01  0.524963008780E+00
0.328140497846E+01  0.512230753282E+00
0.328644119254E+01  0.496007752987E+00
0.329147740662E+01  0.476418881933E+00
0.329651362070E+01  0.453610766854E+00
0.330154983478E+01  0.427750511060E+00
0.330658604886E+01  0.399024299353E+00
0.331162226294E+01  0.367635895621E+00
0.331665847703E+01  0.333805045535E+00
0.332169469111E+01  0.297765797541E+00
0.332673090519E+01  0.259764755912E+00
0.333176711927E+01  0.220059279817E+00
0.333680333335E+01  0.178915642298E+00
0.334183954743E+01  0.136607162618E+00
0.334687576151E+01  0.934123249323E-01
0.335191197559E+01  0.496128957339E-01
0.335694818967E+01  0.549205215280E-02
0.336198440375E+01  -0.386674670498E-01
0.336702061783E+01  -0.825851760575E-01
0.337205683191E+01  -0.125984610600E+00
0.337709304599E+01  -0.168595039392E+00
0.338212926007E+01  -0.210153107858E+00
0.338716547415E+01  -0.250404404544E+00
0.339220168823E+01  -0.289104941745E+00
0.339723790231E+01  -0.326022543051E+00
0.340227411639E+01  -0.360938131629E+00
0.340731033047E+01  -0.393646913824E+00
0.341234654455E+01  -0.423959453283E+00
0.341738275863E+01  -0.451702631183E+00
0.342241897272E+01  -0.476720488498E+00
0.342745518680E+01  -0.498874946822E+00
0.343249140088E+01  -0.518046405040E+00
0.343752761496E+01  -0.534134210334E+00
0.344256382904E+01  -0.547057003317E+00
0.344760004312E+01  -0.556752938517E+00
0.345263625720E+01  -0.563179782600E+00
0.345767247128E+01  -0.566314893547E+00
0.346270868536E+01  -0.566155084407E+00
0.346774489944E+01  -0.562716375296E+00
0.347278111352E+01  -0.556033637197E+00
0.347781732760E+01  -0.546160131113E+00
0.348285354168E+01  -0.533166946446E+00
0.348788975576E+01  -0.517142343145E+00
0.349292596984E+01  -0.498191003261E+00
0.349796218392E+01  -0.476433198749E+00
0.350299839800E+01  -0.452003883414E+00
0.350803461208E+01  -0.425051717581E+00
0.351307082616E+01  -0.395738034173E+00
0.351810704024E+01  -0.364235754403E+00
0.352314325433E+01  -0.330728260508E+00
0.352817946841E+01  -0.295408232049E+00
0.353321568249E+01  -0.258476451689E+00
0.353825189657E+01  -0.220140586298E+00
0.354328811065E+01  -0.180613949640E+00
0.354832432473E+01  -0.140114253784E+00
0.355336053881E+01  -0.988623573279E-01
0.355839675289E+01  -0.570810191893E-01
0.356343296697E+01  -0.149936668335E-01
0.356846918105E+01  0.271768128489E-01
0.357350539513E+01  0.692092530213E-01
0.357854160921E+01  0.110885351321E+00
0.358357782329E+01  0.151990775271E+00
0.358861403737E+01  0.192316225719E+00
0.359365025145E+01  0.231658455602E+00
0.359868646553E+01  0.269821240898E+00
0.360372267961E+01  0.306616299727E+00
0.360875889369E+01  0.341864154613E+00
0.361379510777E+01  0.375394932437E+00
0.361883132185E+01  0.407049096824E+00
0.362386753593E+01  0.436678108799E+00
0.362890375002E+01  0.464145013280E+00
0.363393996410E+01  0.489324950944E+00
0.363897617818E+01  0.512105596683E+00
0.364401239226E+01  0.532387526857E+00
0.364904860634E+01  0.550084517590E+00
0.365408482042E+01  0.565123775573E+00
0.365912103450E+01  0.577446101542E+00
0.366415724858E+01  0.587005985442E+00
0.366919346266E+01  0.593771631615E+00
0.367422967674E+01  0.597724912726E+00
0.367926589082E+01  0.598861252338E+00
0.368430210490E+01  0.597189438084E+00
0.368933831898E+01  0.592731369364E+00
0.369437453306E+01  0.585521745194E+00
0.369941074714E+01  0.575607698449E+00
0.370444696122E+01  0.563048382329E+00
0.370948317530E+01  0.547914513515E+00
0.371451938938E+01  0.530287874630E+00
0.371955560346E+01  0.510260777034E+00
0.372459181754E+01  0.487935484147E+00
0.372962803163E+01  0.463423595770E+00
0.373466424571E+01  0.436845395284E+00
0.373970045979E+01  0.408329163622E+00
0.374473667387E+01  0.378010466018E+00
0.374977288795E+01  0.346031418946E+00
0.375480910203E+01  0.312539944922E+00
0.375984531611E+01  0.277689021872E+00
0.376488153019E+01  0.241635931756E+00
0.376991774427E+01  0.204541510810E+00
0.377495395835E+01  0.166569401770E+00
0.377999017243E+01  0.127885307505E+00
0.378502638651E+01  0.886562458383E-01
0.379006260059E+01  0.490498068908E-01
0.379509881467E+01  0.923341652443E-02
0.380013502875E+01  -0.306263884376E-01
0.380517124283E+01  -0.703646662554E-01
0.381020745691E+01  -0.109818750722E+00
0.381524367099E+01  -0.148828900645E+00
0.382027988507E+01  -0.187238915490E+00
0.382531609915E+01  -0.224896717063E+00
0.383035231324E+01  -0.261654899278E+00
0.383538852732E+01  -0.297371248972E+00
0.384042474140E+01  -0.331909240117E+00
0.384546095548E+01  -0.365138501880E+00
0.385049716956E+01  -0.396935258459E+00
0.385553338364E+01  -0.427182736366E+00
0.386056959772E+01  -0.455771533622E+00
0.386560581180E+01  -0.482599945711E+00
0.387064202588E+01  -0.507574245023E+00
0.387567823996E+01  -0.530608913392E+00
0.388071445404E+01  -0.551626830352E+00
0.388575066812E+01  -0.570559421919E+00
0.389078688220E+01  -0.587346775382E+00
0.389582309628E+01  -0.601937724596E+00
0.390085931036E+01  -0.614289907896E+00
0.390589552444E+01  -0.624369797825E+00
0.391093173852E+01  -0.632152699413E+00
0.391596795260E+01  -0.637622712587E+00
0.392100416668E+01  -0.640772654877E+00
0.392604038076E+01  -0.641603942832E+00
0.393107659484E+01  -0.640126433743E+00
0.393611280893E+01  -0.636358232425E+00
0.394114902301E+01  -0.630325469884E+00
0.394618523709E+01  -0.622062061085E+00
0.395122145117E+01  -0.611609447483E+00
0.395625766525E+01  -0.599016327122E+00
0.396129387933E+01  -0.584338371755E+00
0.396633009341E+01  -0.567637927780E+00
0.397136630749E+01  -0.548983696705E+00
0.397640252157E+01  -0.528450391680E+00
0.398143873565E+01  -0.506118369274E+00
0.398647494973E+01  -0.482073239105E+00
0.399151116381E+01  -0.456405457238E+00
0.399654737789E+01  -0.429209911150E+00
0.400158359197E+01  -0.400585504093E+00
0.400661980605E+01  -0.370634744585E+00
0.401165602013E+01  -0.339463343406E+00
0.401669223421E+01  -0.307179816702E+00
0.402172844829E+01  -0.273895091087E+00
0.402676466237E+01  -0.239722105605E+00
0.403180087645E+01  -0.204775406685E+00
0.403683709054E+01  -0.169170735155E+00
0.404187330462E+01  -0.133024608240E+00
0.404690951870E+01  -0.964539027721E-01
0.405194573278E+01  -0.595754476584E-01
0.405698194686E+01  -0.225056331950E-01
0.406201816094E+01  0.146399577272E-01
0.406705437502E+01  0.517468953892E-01
0.407209058910E+01  0.887022288434E-01
0.407712680318E+01  0.125394797024E+00
0.408216301726E+01  0.161715531757E+00
0.408719923134E+01  0.197557757415E+00
0.409223544542E+01  0.232817488495E+00
0.409727165950E+01  0.267393722273E+00
0.410230787358E+01  0.301188720183E+00
0.410734408766E+01  0.334108270029E+00
0.411238030174E+01  0.366061921928E+00
0.411741651582E+01  0.396963193995E+00
0.412245272990E+01  0.426729748082E+00
0.412748894398E+01  0.455283540123E+00
0.413252515806E+01  0.482550952406E+00
0.413756137214E+01  0.508462915410E+00
0.414259758623E+01  0.532955024729E+00
0.414763380031E+01  0.555967654610E+00
0.415267001439E+01  0.577446065118E+00
0.415770622847E+01  0.597340496398E+00
0.416274244255E+01  0.615606242131E+00
0.416777865663E+01  0.632203695544E+00
0.417281487071E+01  0.647098364918E+00
0.417785108479E+01  0.660260860290E+00
0.418288729887E+01  0.671666857425E+00
0.418792351295E+01  0.681297047732E+00
0.419295972703E+01  0.689137082744E+00
0.419799594111E+01  0.695177519047E+00
0.420303215519E+01  0.699413765032E+00
0.420806836927E+01  0.701846025959E+00
0.421310458335E+01  0.702479240271E+00
0.421814079743E+01  0.701322998958E+00
0.422317701151E+01  0.698391441529E+00
0.422821322559E+01  0.693703126265E+00
0.423324943967E+01  0.687280877552E+00
0.423828565375E+01  0.679151617619E+00
0.424332186784E+01  0.669346192349E+00
0.424835808192E+01  0.657899200332E+00
0.425339429600E+01  0.644848830963E+00
0.425843051008E+01  0.630236712316E+00
0.426346672416E+01  0.614107764390E+00
0.426850293824E+01  0.596510049730E+00
0.427353915232E+01  0.577494612651E+00
0.427857536640E+01  0.557115300609E+00
0.428361158048E+01  0.535428565903E+00
0.428864779456E+01  0.512493251434E+00
0.429368400864E+01  0.488370368795E+00
0.429872022272E+01  0.463122879112E+00
0.430375643680E+01  0.436815485961E+00
0.430879265088E+01  0.409514445698E+00
0.431382886496E+01  0.381287394979E+00
0.431886507904E+01  0.352203189788E+00
0.432390129312E+01  0.322331746848E+00
0.432893750720E+01  0.291743877906E+00
0.433397372128E+01  0.260511110314E+00
0.433900993536E+01  0.228705492545E+00
0.434404614944E+01  0.196399389193E+00
0.434908236353E+01  0.163665274609E+00
0.435411857761E+01  0.130575536120E+00
0.435915479169E+01  0.972022960961E-01
0.436419100577E+01  0.636172575320E-01
0.436922721985E+01  0.298915716871E-01
0.437426343393E+01  -0.390427929818E-02
0.437929964801E+01  -0.377005951730E-01
0.438433586209E+01  -0.714285759656E-01
0.438937207617E+01  -0.105020452657E+00
0.439440829025E+01  -0.138409630953E+00
0.439944450433E+01  -0.171530842724E+00
0.440448071841E+01  -0.204320295083E+00
0.440951693249E+01  -0.236715805694E+00
0.441455314657E+01  -0.268656915168E+00
0.441958936065E+01  -0.300084972734E+00
0.442462557473E+01  -0.330943197937E+00
0.442966178881E+01  -0.361176726903E+00
0.443469800289E+01  -0.390732654731E+00
0.443973421697E+01  -0.419560084878E+00
0.444477043105E+01  -0.447610192085E+00
0.444980664514E+01  -0.474836298964E+00
0.445484285922E+01  -0.501193959775E+00
0.445987907330E+01  -0.526641040404E+00
0.446491528738E+01  -0.551137782637E+00
0.446995150146E+01  -0.574646843776E+00
0.447498771554E+01  -0.597133308673E+00
0.448002392962E+01  -0.618564678274E+00
0.448506014370E+01  -0.638910844653E+00
0.449009635778E+01  -0.658144065185E+00
0.449513257186E+01  -0.676238947168E+00
0.450016878594E+01  -0.693172449129E+00
0.450520500002E+01  -0.708923898010E+00
0.451024121410E+01  -0.723475014513E+00
0.451527742818E+01  -0.736809934590E+00
0.452031364226E+01  -0.748915214596E+00
0.452534985634E+01  -0.759779811416E+00
0.453038607042E+01  -0.769395035518E+00
0.453542228450E+01  -0.777754482435E+00
0.454045849858E+01  -0.784853954025E+00
0.454549471266E+01  -0.790691383140E+00
0.455053092675E+01  -0.795266773249E+00
0.455556714083E+01  -0.798582158741E+00
0.456060335491E+01  -0.800641583895E+00
0.456563956899E+01  -0.801451091447E+00
0.457067578307E+01  -0.801018707547E+00
0.457571199715E+01  -0.799354410102E+00
0.458074821123E+01  -0.796470072063E+00
0.458578442531E+01  -0.792379378632E+00
0.459082063939E+01  -0.787097725264E+00
0.459585685347E+01  -0.780642109211E+00
0.460089306755E+01  -0.773031029079E+00
0.460592928163E+01  -0.764284404042E+00
0.461096549571E+01  -0.754423517646E+00
0.461600170979E+01  -0.743470982861E+00
0.462103792387E+01  -0.731450717757E+00
0.462607413795E+01  -0.718387917388E+00
0.463111035203E+01  -0.704309008366E+00
0.463614656611E+01  -0.689241578046E+00
0.464118278019E+01  -0.673214278377E+00
0.464621899427E+01  -0.656256712823E+00
0.465125520835E+01  -0.638399320406E+00
0.465629142244E+01  -0.619673272163E+00
0.466132763652E+01  -0.600110391544E+00
0.466636385060E+01  -0.579743102768E+00
0.467140006468E+01  -0.558604402225E+00
0.467643627876E+01  -0.536727840690E+00
0.468147249284E+01  -0.514147500688E+00
0.468650870692E+01  -0.490897955062E+00
0.469154492100E+01  -0.467014199153E+00
0.469658113508E+01  -0.442531557903E+00
0.470161734916E+01  -0.417485577846E+00
0.470665356324E+01  -0.391911919459E+00
0.471168977732E+01  -0.365846265832E+00
0.471672599140E+01  -0.339324258994E+00
0.472176220548E+01  -0.312381466741E+00
0.472679841956E+01  -0.285053373434E+00
0.473183463364E+01  -0.257375380760E+00
0.473687084772E+01  -0.229382801622E+00
0.474190706180E+01  -0.201110832871E+00
0.474694327588E+01  -0.172594499957E+00
0.475197948996E+01  -0.143868576219E+00
0.475701570405E+01  -0.114967488508E+00
0.476205191813E+01  -0.859252259931E-01
0.476708813221E+01  -0.567752688090E-01
0.477212434629E+01  -0.275505474509E-01
0.477716056037E+01  0.171656546480E-02
0.478219677445E+01  0.309942394739E-01
0.478723298853E+01  0.602511623058E-01
0.479226920261E+01  0.894565257255E-01
0.479730541669E+01  0.118580035619E+00
0.480234163077E+01  0.147591952415E+00
0.480737784485E+01  0.176463157470E+00
0.481241405893E+01  0.205165231937E+00
0.481745027301E+01  0.233670529751E+00
0.482248648709E+01  0.261952227558E+00
0.482752270117E+01  0.289984341141E+00
0.483255891525E+01  0.317741708226E+00
0.483759512933E+01  0.345199947987E+00
0.484263134341E+01  0.372335414829E+00
0.484766755749E+01  0.399125165561E+00
0.485270377157E+01  0.425546954458E+00
0.485773998565E+01  0.451579261205E+00
0.486277619974E+01  0.477201345564E+00
0.486781241382E+01  0.502393313284E+00
0.487284862790E+01  0.527136173431E+00
0.487788484198E+01  0.551411869454E+00
0.488292105606E+01  0.575203274218E+00
0.488795727014E+01  0.598494150540E+00
0.489299348422E+01  0.621269089634E+00
0.489802969830E+01  0.643513446914E+00
0.490306591238E+01  0.665213295312E+00
0.490810212646E+01  0.686355410441E+00
0.491313834054E+01  0.706927291345E+00
0.491817455462E+01  0.726917208615E+00
0.492321076870E+01  0.746314262307E+00
0.492824698278E+01  0.765108428328E+00
0.493328319686E+01  0.783290575216E+00
0.493831941094E+01  0.800852442400E+00
0.494335562502E+01  0.817786583306E+00
0.494839183910E+01  0.834086287978E+00
0.495342805318E+01  0.849745506558E+00
0.495846426726E+01  0.864758794732E+00
0.496350048135E+01  0.879121295154E+00
0.496853669543E+01  0.892828757038E+00
0.497357290951E+01  0.905877583472E+00
0.497860912359E+01  0.918264886629E+00
0.498364533767E+01  0.929988528055E+00
0.498868155175E+01  0.941047125663E+00
0.499371776583E+01  0.951440019607E+00
0.499875397991E+01  0.961167202466E+00
0.500379019399E+01  0.970229230810E+00
0.500882640807E+01  0.978627141478E+00
0.501386262215E+01  0.986362394562E+00
0.501889883623E+01  0.993436856566E+00
0.502393505031E+01  0.999852824197E+00
0.502897126439E+01  0.100561307588E+01
0.503400747847E+01  0.101072092886E+01
0.503904369255E+01  0.101518027753E+01
0.504407990663E+01  0.101899559463E+01
0.504911612071E+01  0.102217188881E+01
0.505415233479E+01  0.102471462623E+01
0.505918854887E+01  0.102662963606E+01
0.506422476295E+01  0.102792302523E+01
0.506926097704E+01  0.102860112518E+01
0.507429719112E+01  0.102867048333E+01
0.507933340520E+01  0.102813789792E+01
0.508436961928E+01  0.102701048029E+01
0.508940583336E+01  0.102529572021E+01
0.509444204744E+01  0.102300152838E+01
0.509947826152E+01  0.102013623766E+01
0.510451447560E+01  0.101670855823E+01
0.510955068968E+01  0.101272749684E+01
0.511458690376E+01  0.100820226289E+01
0.511962311784E+01  0.100314218853E+01
0.512465933192E+01  0.997556686463E+00
0.512969554600E+01  0.991455256944E+00
0.513473176008E+01  0.984847540233E+00
0.513976797416E+01  0.977743395684E+00
0.514480418824E+01  0.970152980211E+00
0.514984040232E+01  0.962086798826E+00
0.515487661640E+01  0.953555708984E+00
0.515991283048E+01  0.944570875616E+00
0.516494904456E+01  0.935143690052E+00
0.516998525865E+01  0.925285678286E+00
0.517502147273E+01  0.915008428102E+00
0.518005768681E+01  0.904323558992E+00
0.518509390089E+01  0.893242745308E+00
0.519013011497E+01  0.881777785911E+00
0.519516632905E+01  0.869940698375E+00
0.520020254313E+01  0.857743807516E+00
0.520523875721E+01  0.845199799510E+00
0.521027497129E+01  0.832321723711E+00
0.521531118537E+01  0.819122941201E+00
0.522034739945E+01  0.805617036481E+00
0.522538361353E+01  0.791817721005E+00
0.523041982761E+01  0.777738760236E+00
0.523545604169E+01  0.763393948596E+00
0.524049225577E+01  0.748797141144E+00
0.524552846985E+01  0.733962332213E+00
0.525056468393E+01  0.718903755453E+00
0.525560089801E+01  0.703635972087E+00
0.526063711209E+01  0.688173917241E+00
0.526567332617E+01  0.672532887208E+00
0.527070954025E+01  0.656728469231E+00
0.527574575434E+01  0.640776433926E+00
0.528078196842E+01  0.624692622624E+00
0.528581818250E+01  0.608492863693E+00
0.529085439658E+01  0.592192942500E+00
0.529589061066E+01  0.575808632069E+00
0.530092682474E+01  0.559355771221E+00
0.530596303882E+01  0.542850360775E+00
0.531099925290E+01  0.526308641503E+00
0.531603546698E+01  0.509747122467E+00
0.532107168106E+01  0.493182543640E+00
0.532610789514E+01  0.476631777526E+00
0.533114410922E+01  0.460111694117E+00
0.533618032330E+01  0.443639025469E+00
0.534121653738E+01  0.427230266491E+00
0.534625275146E+01  0.410901636838E+00
0.535128896554E+01  0.394669108796E+00
0.535632517962E+01  0.378548484096E+00
0.536136139370E+01  0.362555485951E+00
0.536639760778E+01  0.346705826691E+00
0.537143382186E+01  0.331015218449E+00
0.537647003595E+01  0.315499312206E+00
0.538150625003E+01  0.300173573549E+00
0.538654246411E+01  0.285053124244E+00
0.539157867819E+01  0.270152590323E+00
0.539661489227E+01  0.255485995926E+00
0.540165110635E+01  0.241066727804E+00
0.540668732043E+01  0.226907572712E+00
0.541172353451E+01  0.213020806155E+00
0.541675974859E+01  0.199418293870E+00
0.542179596267E+01  0.186111562780E+00
0.542683217675E+01  0.173111807601E+00
0.543186839083E+01  0.160429820150E+00
0.543690460491E+01  0.148075853839E+00
0.544194081899E+01  0.136059457792E+00
0.544697703307E+01  0.124389326105E+00
0.545201324715E+01  0.113073204186E+00
0.545704946123E+01  0.102117876789E+00
0.546208567531E+01  0.915292366225E-01
0.546712188939E+01  0.813124066697E-01
0.547215810347E+01  0.714718719123E-01
0.547719431756E+01  0.620115729676E-01
0.548223053164E+01  0.529349264966E-01
0.548726674572E+01  0.442447613914E-01
0.549230295980E+01  0.359431880084E-01
0.549733917388E+01  0.280314408887E-01
0.550237538796E+01  0.205097458035E-01
0.550741160204E+01  0.133772559053E-01
0.551244781612E+01  0.663208090393E-02
0.551748403020E+01  0.271404057125E-03
0.552252024428E+01  -0.570834626179E-02
0.552755645836E+01  -0.113113213724E-01
0.553259267244E+01  -0.165421258133E-01
0.553762888652E+01  -0.214057761947E-01
0.554266510060E+01  -0.259077539358E-01
0.554770131468E+01  -0.300541290107E-01
0.555273752876E+01  -0.338517072557E-01
0.555777374284E+01  -0.373081442795E-01
0.556280995692E+01  -0.404319780276E-01
0.556784617100E+01  -0.432325570366E-01
0.557288238508E+01  -0.457198745379E-01
0.557791859916E+01  -0.479043491630E-01
0.558295481325E+01  -0.497966109742E-01
0.558799102733E+01  -0.514073507259E-01
0.559302724141E+01  -0.527472704829E-01
0.559806345549E+01  -0.538271410386E-01
0.560309966957E+01  -0.546579364009E-01
0.560813588365E+01  -0.552509894198E-01
0.561317209773E+01  -0.556181042237E-01
0.561820831181E+01  -0.557715736956E-01
0.562324452589E+01  -0.557240801403E-01
0.562828073997E+01  -0.554884951873E-01
0.563331695405E+01  -0.550776286117E-01
0.563835316813E+01  -0.545039940023E-01
0.564338938221E+01  -0.537796556865E-01
0.564842559629E+01  -0.529161966379E-01
0.565346181037E+01  -0.519248087874E-01
0.565849802445E+01  -0.508164674350E-01
0.566353423853E+01  -0.496021232973E-01
0.566857045261E+01  -0.482928386695E-01
0.567360666669E+01  -0.468998110895E-01
0.567864288077E+01  -0.454342638878E-01
0.568367909486E+01  -0.439072267905E-01
0.568871530894E+01  -0.423292671884E-01
0.569375152302E+01  -0.407102513202E-01
0.569878773710E+01  -0.390592078173E-01
0.570382395118E+01  -0.373843352901E-01
0.570886016526E+01  -0.356931503157E-01
0.571389637934E+01  -0.339927267062E-01
0.571893259342E+01  -0.322899462165E-01
0.572396880750E+01  -0.305916753796E-01
0.572900502158E+01  -0.289048055014E-01
0.573404123566E+01  -0.272361365384E-01
0.573907744974E+01  -0.255921369640E-01
0.574411366382E+01  -0.239786542126E-01
0.574914987790E+01  -0.224006696674E-01
0.575418609198E+01  -0.208621813286E-01
0.575922230606E+01  -0.193662588110E-01
0.576425852014E+01  -0.179152608497E-01
0.576929473422E+01  -0.165111523387E-01
0.577433094830E+01  -0.151558235248E-01
0.577936716238E+01  -0.138513102480E-01
0.578440337646E+01  -0.125998433662E-01
0.578943959055E+01  -0.114037093250E-01
0.579447580463E+01  -0.102649655357E-01
0.579951201871E+01  -0.918510389739E-02
0.580454823279E+01  -0.816477675287E-02
0.580958444687E+01  -0.720368385632E-02
0.581462066095E+01  -0.630067026202E-02
0.581965687503E+01  -0.545401802854E-02
0.582469308911E+01  -0.466185042755E-02
0.582972930319E+01  -0.392252703584E-02
0.583476551727E+01  -0.323490582479E-02
0.583980173135E+01  -0.259838648963E-02
0.584483794543E+01  -0.201271708057E-02
0.584987415951E+01  -0.147762269586E-02
0.585491037359E+01  -0.992375976618E-03
0.585994658767E+01  -0.555453831852E-03
0.586498280175E+01  -0.164403507925E-03
0.587001901583E+01  0.184021430746E-03
0.587505522991E+01  0.493480071025E-03
0.588009144399E+01  0.767524610009E-03
0.588512765807E+01  0.100910007599E-02
0.589016387216E+01  0.122022370589E-02
0.589520008624E+01  0.140195500455E-02
0.590023630032E+01  0.155467935804E-02
0.590527251440E+01  0.167862751265E-02
0.591030872848E+01  0.177447201720E-02
0.591534494256E+01  0.184380711313E-02
0.592038115664E+01  0.188934436324E-02
0.592541737072E+01  0.191473781527E-02
0.593045358480E+01  0.192406694996E-02
0.593548979888E+01  0.192111852122E-02
0.594052601296E+01  0.190868359450E-02
0.594556222704E+01  0.188809732598E-02
0.595059844112E+01  0.185918856769E-02
0.595563465520E+01  0.182068854034E-02
0.596067086928E+01  0.177100572948E-02
0.596570708336E+01  0.170915059482E-02
0.597074329744E+01  0.163552835407E-02
0.597577951152E+01  0.155233528853E-02
0.598081572560E+01  0.146339424343E-02
0.598585193968E+01  0.137342352883E-02
0.599088815376E+01  0.128690635057E-02
0.599592436785E+01  0.120686426736E-02
0.600096058193E+01  0.113389486383E-02
0.600599679601E+01  0.106578877946E-02
0.601103301009E+01  0.997901006140E-03
0.601606922417E+01  0.924250628046E-03
0.602110543825E+01  0.839115904897E-03
0.602614165233E+01  0.738736302725E-03
0.603117786641E+01  0.622676163605E-03
