0.100000000000E+01  -0.569660439705E-09
0.100503621408E+01  -0.550796593358E-09
0.101007242816E+01  -0.625105725021E-09
0.101510864224E+01  -0.849690445277E-09
0.102014485632E+01  -0.125305815942E-08
0.102518107040E+01  -0.183143197707E-08
0.103021728448E+01  -0.255725589479E-08
0.103525349856E+01  -0.339749847622E-08
0.104028971264E+01  -0.433619491183E-08
0.104532592672E+01  -0.539431994077E-08
0.105036214080E+01  -0.664102579290E-08
0.105539835489E+01  -0.819320957958E-08
0.106043456897E+01  -0.102043690855E-07
0.106547078305E+01  -0.128474379431E-07
0.107050699713E+01  -0.162985764994E-07
0.107554321121E+01  -0.207289257151E-07
0.108057942529E+01  -0.263091200372E-07
0.108561563937E+01  -0.332276026405E-07
0.109065185345E+01  -0.417197088891E-07
0.109568806753E+01  -0.521014511933E-07
0.110072428161E+01  -0.648009665169E-07
0.110576049569E+01  -0.803820146925E-07
0.111079670977E+01  -0.995573690512E-07
0.111583292385E+01  -0.123194268889E-06
0.112086913793E+01  -0.152317969432E-06
0.112590535201E+01  -0.188121553471E-06
0.113094156609E+01  -0.231989864498E-06
0.113597778017E+01  -0.285542824409E-06
0.114101399425E+01  -0.350699320982E-06
0.114605020833E+01  -0.429758703670E-06
0.115108642241E+01  -0.525494089146E-06
0.115612263650E+01  -0.641251149854E-06
0.116115885058E+01  -0.781048126893E-06
0.116619506466E+01  -0.949676857831E-06
0.117123127874E+01  -0.115280941669E-05
0.117626749282E+01  -0.139711905588E-05
0.118130370690E+01  -0.169042621393E-05
0.118633992098E+01  -0.204187983100E-05
0.119137613506E+01  -0.246218131803E-05
0.119641234914E+01  -0.296385428079E-05
0.120144856322E+01  -0.356155903278E-05
0.120648477730E+01  -0.427244846939E-05
0.121152099138E+01  -0.511656201701E-05
0.121655720546E+01  -0.611725724846E-05
0.122159341954E+01  -0.730168359582E-05
0.122662963362E+01  -0.870130804053E-05
0.123166584770E+01  -0.103525070714E-04
0.123670206178E+01  -0.122972413429E-04
0.124173827586E+01  -0.145838287552E-04
0.124677448994E+01  -0.172678285810E-04
0.125181070402E+01  -0.204130449103E-04
0.125684691810E+01  -0.240926537787E-04
0.126188313219E+01  -0.283904563743E-04
0.126691934627E+01  -0.334022615917E-04
0.127195556035E+01  -0.392374049663E-04
0.127699177443E+01  -0.460204166577E-04
0.128202798851E+01  -0.538928571417E-04
0.128706420259E+01  -0.630153438623E-04
0.129210041667E+01  -0.735697939792E-04
0.129713663075E+01  -0.857619071284E-04
0.130217284483E+01  -0.998239082874E-04
0.130720905891E+01  -0.116017565853E-03
0.131224527299E+01  -0.134637495653E-03
0.131728148707E+01  -0.156014759403E-03
0.132231770115E+01  -0.180520766952E-03
0.132735391523E+01  -0.208571495418E-03
0.133239012931E+01  -0.240632043747E-03
0.133742634339E+01  -0.277221546652E-03
0.134246255747E+01  -0.318918475441E-03
0.134749877155E+01  -0.366366353445E-03
0.135253498563E+01  -0.420279910490E-03
0.135757119971E+01  -0.481451694573E-03
0.136260741380E+01  -0.550759151328E-03
0.136764362788E+01  -0.629172174904E-03
0.137267984196E+01  -0.717761129133E-03
0.137771605604E+01  -0.817705336266E-03
0.138275227012E+01  -0.930302031882E-03
0.138778848420E+01  -0.105697578751E-02
0.139282469828E+01  -0.119928840531E-02
0.139786091236E+01  -0.135894928989E-02
0.140289712644E+01  -0.153782629963E-02
0.140793334052E+01  -0.173795707381E-02
0.141296955460E+01  -0.196156082237E-02
0.141800576868E+01  -0.221105055484E-02
0.142304198276E+01  -0.248904571510E-02
0.142807819684E+01  -0.279838518013E-02
0.143311441092E+01  -0.314214057607E-02
0.143815062500E+01  -0.352362986128E-02
0.144318683908E+01  -0.394643112377E-02
0.144822305316E+01  -0.441439653749E-02
0.145325926724E+01  -0.493166641610E-02
0.145829548132E+01  -0.550268329468E-02
0.146333169541E+01  -0.613220595809E-02
0.146836790949E+01  -0.682532332213E-02
0.147340412357E+01  -0.758746806096E-02
0.147844033765E+01  -0.842442986380E-02
0.148347655173E+01  -0.934236819690E-02
0.148851276581E+01  -0.103478244427E-01
0.149354897989E+01  -0.114477332872E-01
0.149858519397E+01  -0.126494332241E-01
0.150362140805E+01  -0.139606760451E-01
0.150865762213E+01  -0.153896351760E-01
0.151369383621E+01  -0.169449127156E-01
0.151873005029E+01  -0.186355450201E-01
0.152376626437E+01  -0.204710066680E-01
0.152880247845E+01  -0.224612126327E-01
0.153383869253E+01  -0.246165184827E-01
0.153887490661E+01  -0.269477184334E-01
0.154391112069E+01  -0.294660410746E-01
0.154894733477E+01  -0.321831426028E-01
0.155398354885E+01  -0.351110973942E-01
0.155901976293E+01  -0.382623857516E-01
0.156405597701E+01  -0.416498786599E-01
0.156909219110E+01  -0.452868193824E-01
0.157412840518E+01  -0.491868017250E-01
0.157916461926E+01  -0.533637448067E-01
0.158420083334E+01  -0.578318641814E-01
0.158923704742E+01  -0.626056391866E-01
0.159427326150E+01  -0.676997764277E-01
0.159930947558E+01  -0.731291693485E-01
0.160434568966E+01  -0.789088538826E-01
0.160938190374E+01  -0.850539602181E-01
0.161441811782E+01  -0.915796607345E-01
0.161945433190E+01  -0.985011141846E-01
0.162449054598E+01  -0.105833406195E+00
0.162952676006E+01  -0.113591486148E+00
0.163456297414E+01  -0.121790100514E+00
0.163959918822E+01  -0.130443722675E+00
0.164463540230E+01  -0.139566479328E+00
0.164967161638E+01  -0.149172073563E+00
0.165470783046E+01  -0.159273704760E+00
0.165974404454E+01  -0.169883985508E+00
0.166478025862E+01  -0.181014855820E+00
0.166981647271E+01  -0.192677494926E+00
0.167485268679E+01  -0.204882231038E+00
0.167988890087E+01  -0.217638449429E+00
0.168492511495E+01  -0.230954499253E+00
0.168996132903E+01  -0.244837599508E+00
0.169499754311E+01  -0.259293744575E+00
0.170003375719E+01  -0.274327609797E+00
0.170506997127E+01  -0.289942457583E+00
0.171010618535E+01  -0.306140044595E+00
0.171514239943E+01  -0.322920530612E+00
0.172017861351E+01  -0.340282389689E+00
0.172521482759E+01  -0.358222324278E+00
0.173025104167E+01  -0.376735182936E+00
0.173528725575E+01  -0.395813882225E+00
0.174032346983E+01  -0.415449333341E+00
0.174535968391E+01  -0.435630373921E+00
0.175039589799E+01  -0.456343705441E+00
0.175543211207E+01  -0.477573836541E+00
0.176046832615E+01  -0.499303032623E+00
0.176550454023E+01  -0.521511272085E+00
0.177054075431E+01  -0.544176209612E+00
0.177557696840E+01  -0.567273147011E+00
0.178061318248E+01  -0.590775012136E+00
0.178564939656E+01  -0.614652346523E+00
0.179068561064E+01  -0.638873302305E+00
0.179572182472E+01  -0.663403648995E+00
0.180075803880E+01  -0.688206790614E+00
0.180579425288E+01  -0.713243793534E+00
0.181083046696E+01  -0.738473425317E+00
0.181586668104E+01  -0.763852204678E+00
0.182090289512E+01  -0.789334462641E+00
0.182593910920E+01  -0.814872414860E+00
0.183097532328E+01  -0.840416245040E+00
0.183601153736E+01  -0.865914199345E+00
0.184104775144E+01  -0.891312691609E+00
0.184608396552E+01  -0.916556419164E+00
0.185112017960E+01  -0.941588488959E+00
0.185615639368E+01  -0.966350553595E+00
0.186119260776E+01  -0.990782956810E+00
0.186622882184E+01  -0.101482488784E+01
0.187126503592E+01  -0.103841454410E+01
0.187630125001E+01  -0.106148930144E+01
0.188133746409E+01  -0.108398589161E+01
0.188637367817E+01  -0.110584058610E+01
0.189140989225E+01  -0.112698938607E+01
0.189644610633E+01  -0.114736821780E+01
0.190148232041E+01  -0.116691313328E+01
0.190651853449E+01  -0.118556051529E+01
0.191155474857E+01  -0.120324728660E+01
0.191659096265E+01  -0.121991112228E+01
0.192162717673E+01  -0.123549066439E+01
0.192666339081E+01  -0.124992573795E+01
0.193169960489E+01  -0.126315756697E+01
0.193673581897E+01  -0.127512898935E+01
0.194177203305E+01  -0.128578466932E+01
0.194680824713E+01  -0.129507130630E+01
0.195184446121E+01  -0.130293783902E+01
0.195688067529E+01  -0.130933564395E+01
0.196191688937E+01  -0.131421872707E+01
0.196695310345E+01  -0.131754390832E+01
0.197198931753E+01  -0.131927099791E+01
0.197702553161E+01  -0.131936296383E+01
0.198206174570E+01  -0.131778608994E+01
0.198709795978E+01  -0.131451012390E+01
0.199213417386E+01  -0.130950841433E+01
0.199717038794E+01  -0.130275803666E+01
0.200220660202E+01  -0.129423990696E+01
0.200724281610E+01  -0.128393888340E+01
0.201227903018E+01  -0.127184385480E+01
0.201731524426E+01  -0.125794781589E+01
0.202235145834E+01  -0.124224792899E+01
0.202738767242E+01  -0.122474557180E+01
0.203242388650E+01  -0.120544637081E+01
0.203746010058E+01  -0.118436022029E+01
0.204249631466E+01  -0.116150128632E+01
0.204753252874E+01  -0.113688799586E+01
0.205256874282E+01  -0.111054301040E+01
0.205760495690E+01  -0.108249318456E+01
0.206264117098E+01  -0.105276950932E+01
0.206767738506E+01  -0.102140704051E+01
0.207271359914E+01  -0.988444812715E+00
0.207774981322E+01  -0.953925739286E+00
0.208278602731E+01  -0.917896499010E+00
0.208782224139E+01  -0.880407410146E+00
0.209285845547E+01  -0.841512292497E+00
0.209789466955E+01  -0.801268318203E+00
0.210293088363E+01  -0.759735851911E+00
0.210796709771E+01  -0.716978280943E+00
0.211300331179E+01  -0.673061836124E+00
0.211803952587E+01  -0.628055403894E+00
0.212307573995E+01  -0.582030330415E+00
0.212811195403E+01  -0.535060218395E+00
0.213314816811E+01  -0.487220717426E+00
0.213818438219E+01  -0.438589308662E+00
0.214322059627E+01  -0.389245084715E+00
0.214825681035E+01  -0.339268525665E+00
0.215329302443E+01  -0.288741272089E+00
0.215832923851E+01  -0.237745896032E+00
0.216336545259E+01  -0.186365670839E+00
0.216840166667E+01  -0.134684340768E+00
0.217343788075E+01  -0.827858912968E-01
0.217847409483E+01  -0.307543210442E-01
0.218351030892E+01  0.213265838189E-01
0.218854652300E+01  0.733734717998E-01
0.219358273708E+01  0.125303644146E+00
0.219861895116E+01  0.177035267986E+00
0.220365516524E+01  0.228487583852E+00
0.220869137932E+01  0.279581106964E+00
0.221372759340E+01  0.330237821695E+00
0.221876380748E+01  0.380381368700E+00
0.222380002156E+01  0.429937224193E+00
0.222883623564E+01  0.478832870897E+00
0.223387244972E+01  0.526997960191E+00
0.223890866380E+01  0.574364464989E+00
0.224394487788E+01  0.620866822906E+00
0.224898109196E+01  0.666442069319E+00
0.225401730604E+01  0.711029959948E+00
0.225905352012E+01  0.754573082696E+00
0.226408973420E+01  0.797016958523E+00
0.226912594828E+01  0.838310131221E+00
0.227416216236E+01  0.878404246032E+00
0.227919837644E+01  0.917254117099E+00
0.228423459052E+01  0.954817783813E+00
0.228927080461E+01  0.991056556127E+00
0.229430701869E+01  0.102593504898E+01
0.229934323277E+01  0.105942120599E+01
0.230437944685E+01  0.109148631262E+01
0.230941566093E+01  0.112210499904E+01
0.231445187501E+01  0.115125523301E+01
0.231948808909E+01  0.117891830306E+01
0.232452430317E+01  0.120507879236E+01
0.232956051725E+01  0.122972454353E+01
0.233459673133E+01  0.125284661499E+01
0.233963294541E+01  0.127443922892E+01
0.234466915949E+01  0.129449971137E+01
0.234970537357E+01  0.131302842491E+01
0.235474158765E+01  0.133002869394E+01
0.235977780173E+01  0.134550672329E+01
0.236481401581E+01  0.135947151043E+01
0.236985022989E+01  0.137193475164E+01
0.237488644397E+01  0.138291074289E+01
0.237992265805E+01  0.139241627577E+01
0.238495887213E+01  0.140047052917E+01
0.238999508622E+01  0.140709495733E+01
0.239503130030E+01  0.141231317476E+01
0.240006751438E+01  0.141615083868E+01
0.240510372846E+01  0.141863552950E+01
0.241013994254E+01  0.141979662968E+01
0.241517615662E+01  0.141966520159E+01
0.242021237070E+01  0.141827386464E+01
0.242524858478E+01  0.141565667211E+01
0.243028479886E+01  0.141184898798E+01
0.243532101294E+01  0.140688736422E+01
0.244035722702E+01  0.140080941881E+01
0.244539344110E+01  0.139365371493E+01
0.245042965518E+01  0.138545964155E+01
0.245546586926E+01  0.137626729589E+01
0.246050208334E+01  0.136611736793E+01
0.246553829742E+01  0.135505102732E+01
0.247057451150E+01  0.134310981294E+01
0.247561072558E+01  0.133033552532E+01
0.248064693966E+01  0.131677012218E+01
0.248568315374E+01  0.130245561737E+01
0.249071936782E+01  0.128743398334E+01
0.249575558191E+01  0.127174705743E+01
0.250079179599E+01  0.125543645213E+01
0.250582801007E+01  0.123854346956E+01
0.251086422415E+01  0.122110902022E+01
0.251590043823E+01  0.120317354618E+01
0.252093665231E+01  0.118477694871E+01
0.252597286639E+01  0.116595852038E+01
0.253100908047E+01  0.114675688163E+01
0.253604529455E+01  0.112720992168E+01
0.254108150863E+01  0.110735474380E+01
0.254611772271E+01  0.108722761488E+01
0.255115393679E+01  0.106686391916E+01
0.255619015087E+01  0.104629811614E+01
0.256122636495E+01  0.102556370263E+01
0.256626257903E+01  0.100469317885E+01
0.257129879311E+01  0.983718018541E+00
0.257633500719E+01  0.962668643040E+00
0.258137122127E+01  0.941574399237E+00
0.258640743535E+01  0.920463541306E+00
0.259144364943E+01  0.899363216111E+00
0.259647986352E+01  0.878299452164E+00
0.260151607760E+01  0.857297152001E+00
0.260655229168E+01  0.836380087851E+00
0.261158850576E+01  0.815570900433E+00
0.261662471984E+01  0.794891100766E+00
0.262166093392E+01  0.774361074806E+00
0.262669714800E+01  0.754000090787E+00
0.263173336208E+01  0.733826309077E+00
0.263676957616E+01  0.713856794394E+00
0.264180579024E+01  0.694107530220E+00
0.264684200432E+01  0.674593435225E+00
0.265187821840E+01  0.655328381548E+00
0.265691443248E+01  0.636325214782E+00
0.266195064656E+01  0.617595775484E+00
0.266698686064E+01  0.599150922106E+00
0.267202307472E+01  0.581000555179E+00
0.267705928880E+01  0.563153642647E+00
0.268209550288E+01  0.545618246230E+00
0.268713171696E+01  0.528401548688E+00
0.269216793104E+01  0.511509881888E+00
0.269720414512E+01  0.494948755560E+00
0.270224035921E+01  0.478722886614E+00
0.270727657329E+01  0.462836228934E+00
0.271231278737E+01  0.447292003504E+00
0.271734900145E+01  0.432092728786E+00
0.272238521553E+01  0.417240251217E+00
0.272742142961E+01  0.402735775739E+00
0.273245764369E+01  0.388579896256E+00
0.273749385777E+01  0.374772625925E+00
0.274253007185E+01  0.361313427214E+00
0.274756628593E+01  0.348201241629E+00
0.275260250001E+01  0.335434519067E+00
0.275763871409E+01  0.323011246721E+00
0.276267492817E+01  0.310928977497E+00
0.276771114225E+01  0.299184857886E+00
0.277274735633E+01  0.287775655251E+00
0.277778357041E+01  0.276697784496E+00
0.278281978449E+01  0.265947334069E+00
0.278785599857E+01  0.255520091281E+00
0.279289221265E+01  0.245411566894E+00
0.279792842673E+01  0.235617018969E+00
0.280296464082E+01  0.226131475952E+00
0.280800085490E+01  0.216949758968E+00
0.281303706898E+01  0.208066503342E+00
0.281807328306E+01  0.199476179298E+00
0.282310949714E+01  0.191173111872E+00
0.282814571122E+01  0.183151499994E+00
0.283318192530E+01  0.175405434764E+00
0.283821813938E+01  0.167928916892E+00
0.284325435346E+01  0.160715873316E+00
0.284829056754E+01  0.153760172991E+00
0.285332678162E+01  0.147055641847E+00
0.285836299570E+01  0.140596076937E+00
0.286339920978E+01  0.134375259785E+00
0.286843542386E+01  0.128386968948E+00
0.287347163794E+01  0.122624991823E+00
0.287850785202E+01  0.117083135710E+00
0.288354406610E+01  0.111755238169E+00
0.288858028018E+01  0.106635176676E+00
0.289361649426E+01  0.101716877602E+00
0.289865270834E+01  0.969943245337E-01
0.290368892242E+01  0.924615659479E-01
0.290872513651E+01  0.881127222563E-01
0.291376135059E+01  0.839419922453E-01
0.291879756467E+01  0.799436589292E-01
0.292383377875E+01  0.761120948438E-01
0.292886999283E+01  0.724417668061E-01
0.293390620691E+01  0.689272401675E-01
0.293894242099E+01  0.655631825857E-01
0.294397863507E+01  0.623443673367E-01
0.294901484915E+01  0.592656761884E-01
0.295405106323E+01  0.563221018527E-01
0.295908727731E+01  0.535087500339E-01
0.296412349139E+01  0.508208410920E-01
0.296915970547E+01  0.482537113400E-01
0.297419591955E+01  0.458028139969E-01
0.297923213363E+01  0.434637198222E-01
0.298426834771E+01  0.412321174537E-01
0.298930456179E+01  0.391038134749E-01
0.299434077587E+01  0.370747322321E-01
0.299937698995E+01  0.351409154203E-01
0.300441320403E+01  0.332985214535E-01
0.300944941812E+01  0.315438246321E-01
0.301448563220E+01  0.298732141197E-01
0.301952184628E+01  0.282831927409E-01
0.302455806036E+01  0.267703756134E-01
0.302959427444E+01  0.253314886308E-01
0.303463048852E+01  0.239633668101E-01
0.303966670260E+01  0.226629525236E-01
0.304470291668E+01  0.214272936296E-01
0.304973913076E+01  0.202535415168E-01
0.305477534484E+01  0.191389490736E-01
0.305981155892E+01  0.180808685905E-01
0.306484777300E+01  0.170767496032E-01
0.306988398708E+01  0.161241366816E-01
0.307492020116E+01  0.152206671709E-01
0.307995641524E+01  0.143640688927E-01
0.308499262932E+01  0.135521578157E-01
0.309002884340E+01  0.127828357062E-01
0.309506505748E+01  0.120540877690E-01
0.310010127156E+01  0.113639802897E-01
0.310513748564E+01  0.107106582844E-01
0.311017369973E+01  0.100923431639E-01
0.311520991381E+01  0.950733041352E-02
0.312024612789E+01  0.895398728959E-02
0.312528234197E+01  0.843075053452E-02
0.313031855605E+01  0.793612411003E-02
0.313535477013E+01  0.746867695252E-02
0.314039098421E+01  0.702704075487E-02
0.314542719829E+01  0.660990778078E-02
0.315046341237E+01  0.621602871793E-02
0.315549962645E+01  0.584421057541E-02
0.316053584053E+01  0.549331462863E-02
0.316557205461E+01  0.516225441298E-02
0.317060826869E+01  0.484999376505E-02
0.317564448277E+01  0.455554490908E-02
0.318068069685E+01  0.427796658621E-02
0.318571691093E+01  0.401636222517E-02
0.319075312501E+01  0.376987815483E-02
0.319578933909E+01  0.353770186084E-02
0.320082555317E+01  0.331906028998E-02
0.320586176725E+01  0.311321820598E-02
0.321089798133E+01  0.291947659954E-02
0.321593419542E+01  0.273717115351E-02
0.322097040950E+01  0.256567076212E-02
0.322600662358E+01  0.240437610092E-02
0.323104283766E+01  0.225271824356E-02
0.323607905174E+01  0.211015732147E-02
0.324111526582E+01  0.197618122396E-02
0.324615147990E+01  0.185030433816E-02
0.325118769398E+01  0.173206632996E-02
0.325622390806E+01  0.162103096865E-02
0.326126012214E+01  0.151678499772E-02
0.326629633622E+01  0.141893705356E-02
0.327133255030E+01  0.132711663197E-02
0.327636876438E+01  0.124097310017E-02
0.328140497846E+01  0.116017475050E-02
0.328644119254E+01  0.108440789135E-02
0.329147740662E+01  0.101337597107E-02
0.329651362070E+01  0.946798732461E-03
0.330154983478E+01  0.884411396886E-03
0.330658604886E+01  0.825963879457E-03
0.331162226294E+01  0.771220037360E-03
0.331665847703E+01  0.719956953721E-03
0.332169469111E+01  0.671964258217E-03
0.332673090519E+01  0.627043483884E-03
0.333176711927E+01  0.585007457601E-03
0.333680333335E+01  0.545679720301E-03
0.334183954743E+01  0.508893972464E-03
0.334687576151E+01  0.474493541068E-03
0.335191197559E+01  0.442330865731E-03
0.335694818967E+01  0.412267003757E-03
0.336198440375E+01  0.384171155513E-03
0.336702061783E+01  0.357920212563E-03
0.337205683191E+01  0.333398330849E-03
0.337709304599E+01  0.310496530071E-03
0.338212926007E+01  0.289112318604E-03
0.338716547415E+01  0.269149341469E-03
0.339220168823E+01  0.250517047535E-03
0.339723790231E+01  0.233130371860E-03
0.340227411639E+01  0.216909429810E-03
0.340731033047E+01  0.201779221226E-03
0.341234654455E+01  0.187669344828E-03
0.341738275863E+01  0.174513724680E-03
0.342241897272E+01  0.162250351338E-03
0.342745518680E+01  0.150821040042E-03
0.343249140088E+01  0.140171207077E-03
0.343752761496E+01  0.130249663640E-03
0.344256382904E+01  0.121008424760E-03
0.344760004312E+01  0.112402529706E-03
0.345263625720E+01  0.104389870133E-03
0.345767247128E+01  0.969310231177E-04
0.346270868536E+01  0.899890878733E-04
0.346774489944E+01  0.835295267967E-04
0.347278111352E+01  0.775200130259E-04
0.347781732760E+01  0.719302872909E-04
0.348285354168E+01  0.667320264603E-04
0.348788975576E+01  0.618987248537E-04
0.349292596984E+01  0.574055876066E-04
0.349796218392E+01  0.532294337022E-04
0.350299839800E+01  0.493486052845E-04
0.350803461208E+01  0.457428798524E-04
0.351307082616E+01  0.423933829235E-04
0.351810704024E+01  0.392825004210E-04
0.352314325433E+01  0.363937918359E-04
0.352817946841E+01  0.337119065876E-04
0.353321568249E+01  0.312225064644E-04
0.353825189657E+01  0.289121965065E-04
0.354328811065E+01  0.267684652867E-04
0.354832432473E+01  0.247796337886E-04
0.355336053881E+01  0.229348105050E-04
0.355839675289E+01  0.212238495227E-04
0.356343296697E+01  0.196373084885E-04
0.356846918105E+01  0.181664044279E-04
0.357350539513E+01  0.168029670572E-04
0.357854160921E+01  0.155393909605E-04
0.358357782329E+01  0.143685892159E-04
0.358861403737E+01  0.132839513820E-04
0.359365025145E+01  0.122793080914E-04
0.359868646553E+01  0.113489030488E-04
0.360372267961E+01  0.104873714967E-04
0.360875889369E+01  0.968972275657E-05
0.361379510777E+01  0.895132372634E-05
0.361883132185E+01  0.826788048112E-05
0.362386753593E+01  0.763541628450E-05
0.362890375002E+01  0.705024597729E-05
0.363393996410E+01  0.650894836066E-05
0.363897617818E+01  0.600833926053E-05
0.364401239226E+01  0.554544814669E-05
0.364904860634E+01  0.511750038676E-05
0.365408482042E+01  0.472190573984E-05
0.365912103450E+01  0.435625200450E-05
0.366415724858E+01  0.401830137803E-05
0.366919346266E+01  0.370598651335E-05
0.367422967674E+01  0.341740365215E-05
0.367926589082E+01  0.315080143102E-05
0.368430210490E+01  0.290456561369E-05
0.368933831898E+01  0.267720155780E-05
0.369437453306E+01  0.246731715903E-05
0.369941074714E+01  0.227360905220E-05
0.370444696122E+01  0.209485396605E-05
0.370948317530E+01  0.192990561850E-05
0.371451938938E+01  0.177769590243E-05
0.371955560346E+01  0.163723787447E-05
0.372459181754E+01  0.150762763460E-05
0.372962803163E+01  0.138804267876E-05
0.373466424571E+01  0.127773560047E-05
0.373970045979E+01  0.117602364270E-05
0.374473667387E+01  0.108227605535E-05
0.374977288795E+01  0.995902024026E-06
0.375480910203E+01  0.916341828354E-06
0.375984531611E+01  0.843062915672E-06
0.376488153019E+01  0.775561057239E-06
0.376991774427E+01  0.713365174848E-06
0.377495395835E+01  0.656043314257E-06
0.377999017243E+01  0.603206945909E-06
0.378502638651E+01  0.554511389503E-06
0.379006260059E+01  0.509651489697E-06
0.379509881467E+01  0.468353265970E-06
0.380013502875E+01  0.430363619338E-06
0.380517124283E+01  0.395440842712E-06
0.381020745691E+01  0.363348455819E-06
0.381524367099E+01  0.333853832491E-06
0.382027988507E+01  0.306731565379E-06
0.382531609915E+01  0.281770004172E-06
0.383035231324E+01  0.258778417562E-06
0.383538852732E+01  0.237592065094E-06
0.384042474140E+01  0.218073182188E-06
0.384546095548E+01  0.200107246868E-06
0.385049716956E+01  0.183595456881E-06
0.385553338364E+01  0.168445590416E-06
0.386056959772E+01  0.154563968505E-06
0.386560581180E+01  0.141850879752E-06
0.387064202588E+01  0.130200714610E-06
0.387567823996E+01  0.119506538786E-06
0.388071445404E+01  0.109667402901E-06
0.388575066812E+01  0.100595832551E-06
0.389078688220E+01  0.922228889699E-07
0.389582309628E+01  0.844990219182E-07
0.390085931036E+01  0.773903102676E-07
0.390589552444E+01  0.708712013464E-07
0.391093173852E+01  0.649160033524E-07
0.391596795260E+01  0.594917857032E-07
0.392100416668E+01  0.545548888454E-07
0.392604038076E+01  0.500520635206E-07
0.393107659484E+01  0.459257632803E-07
0.393611280893E+01  0.421217720334E-07
0.394114902301E+01  0.385966024961E-07
0.394618523709E+01  0.353221945183E-07
0.395122145117E+01  0.322863323585E-07
0.395625766525E+01  0.294886067673E-07
0.396129387933E+01  0.269331941749E-07
0.396633009341E+01  0.246207658955E-07
0.397136630749E+01  0.225421097877E-07
0.397640252157E+01  0.206754889336E-07
0.398143873565E+01  0.189885408234E-07
0.398647494973E+01  0.174440410785E-07
0.399151116381E+01  0.160076149992E-07
0.399654737789E+01  0.146548476209E-07
0.400158359197E+01  0.133754575579E-07
0.400661980605E+01  0.121731649314E-07
0.401165602013E+01  0.110612883168E-07
0.401669223421E+01  0.100554986979E-07
0.402172844829E+01  0.916607281902E-08
0.402676466237E+01  0.839214894296E-08
0.403180087645E+01  0.771982417453E-08
0.403683709054E+01  0.712468025032E-08
0.404187330462E+01  0.657788349314E-08
0.404690951870E+01  0.605385124190E-08
0.405194573278E+01  0.553697078365E-08
0.405698194686E+01  0.502518320238E-08
0.406201816094E+01  0.452926806830E-08
0.406705437502E+01  0.406807078217E-08
0.407209058910E+01  0.366122646023E-08
0.407712680318E+01  0.332175337227E-08
0.408216301726E+01  0.305090887388E-08
0.408719923134E+01  0.283696702325E-08
0.409223544542E+01  0.265829130329E-08
0.409727165950E+01  0.248968240873E-08
0.410230787358E+01  0.230991732992E-08
0.410734408766E+01  0.210802318213E-08
0.411238030174E+01  0.188624539393E-08
0.411741651582E+01  0.165875564165E-08
0.412245272990E+01  0.144653230799E-08
0.412748894398E+01  0.127008895634E-08
0.413252515806E+01  0.114241853242E-08
0.413756137214E+01  0.106444265299E-08
0.414259758623E+01  0.102443158742E-08
0.414763380031E+01  0.100156649794E-08
0.415267001439E+01  0.972463831119E-09
0.415770622847E+01  0.918535103949E-09
0.416274244255E+01  0.831776419269E-09
0.416777865663E+01  0.717118688156E-09
0.417281487071E+01  0.590580498411E-09
0.417785108479E+01  0.473845007272E-09
0.418288729887E+01  0.387027297572E-09
0.418792351295E+01  0.341998838443E-09
0.419295972703E+01  0.338425505653E-09
0.419799594111E+01  0.363800449750E-09
0.420303215519E+01  0.397443941454E-09
0.420806836927E+01  0.417152486137E-09
0.421310458335E+01  0.406324429668E-09
0.421814079743E+01  0.359249655428E-09
0.422317701151E+01  0.282843397379E-09
0.422821322559E+01  0.194277810806E-09
0.423324943967E+01  0.115297697698E-09
0.423828565375E+01  0.650741060331E-10
0.424332186784E+01  0.539311177732E-10
0.424835808192E+01  0.799733539292E-10
0.425339429600E+01  0.129703069507E-09
0.425843051008E+01  0.182410583212E-09
0.426346672416E+01  0.216892334949E-09
0.426850293824E+01  0.218310695736E-09
0.427353915232E+01  0.182958773985E-09
0.427857536640E+01  0.119394520451E-09
0.428361158048E+01  0.455848995698E-10
0.428864779456E+01  -0.169901625420E-10
0.429368400864E+01  -0.503578448619E-10
0.429872022272E+01  -0.458971284408E-10
0.430375643680E+01  -0.712533775347E-11
0.430879265088E+01  0.514744561355E-10
0.431382886496E+01  0.109186139652E-09
0.431886507904E+01  0.145804032293E-09
0.432390129312E+01  0.148183515645E-09
0.432893750720E+01  0.114476306032E-09
0.433397372128E+01  0.546773240785E-10
0.433900993536E+01  -0.126768449504E-10
0.434404614944E+01  -0.665740592865E-10
0.434908236353E+01  -0.903723777951E-10
0.435411857761E+01  -0.771999103372E-10
0.435915479169E+01  -0.321586591917E-10
0.436419100577E+01  0.293720714009E-10
0.436922721985E+01  0.867666103315E-10
0.437426343393E+01  0.120871826922E-09
0.437929964801E+01  0.120220958807E-09
0.438433586209E+01  0.847286658136E-10
0.438937207617E+01  0.256729373447E-10
0.439440829025E+01  -0.380164373028E-10
0.439944450433E+01  -0.859412497547E-10
0.440448071841E+01  -0.102872840698E-09
0.440951693249E+01  -0.836859257700E-10
0.441455314657E+01  -0.349892989860E-10
0.441958936065E+01  0.270628377945E-10
0.442462557473E+01  0.820538114385E-10
0.442966178881E+01  0.111955462842E-09
0.443469800289E+01  0.106975954635E-09
0.443973421697E+01  0.687117769848E-10
0.444477043105E+01  0.958630378438E-11
0.444980664514E+01  -0.512296637600E-10
0.445484285922E+01  -0.940738429941E-10
0.445987907330E+01  -0.105186619230E-09
0.446491528738E+01  -0.811627387805E-10
0.446995150146E+01  -0.300217556376E-10
0.447498771554E+01  0.314396210932E-10
0.448002392962E+01  0.831371383674E-10
0.448506014370E+01  0.108239015524E-09
0.449009635778E+01  0.986242868315E-10
0.449513257186E+01  0.574911398308E-10
0.450016878594E+01  -0.172435828011E-11
0.450520500002E+01  -0.597516510280E-10
0.451024121410E+01  -0.977719513825E-10
0.451527742818E+01  -0.103533086730E-09
0.452031364226E+01  -0.753091491691E-10
0.452534985634E+01  -0.224248293854E-10
0.453038607042E+01  0.378162075276E-10
0.453542228450E+01  0.857814392372E-10
0.454045849858E+01  0.105901213597E-09
0.454549471266E+01  0.917144474802E-10
0.455053092675E+01  0.479358704061E-10
0.455556714083E+01  -0.111148138797E-10
0.456060335491E+01  -0.662037645151E-10
0.456563956899E+01  -0.994506326192E-10
0.457067578307E+01  -0.100136495153E-09
0.457571199715E+01  -0.681641392319E-10
0.458074821123E+01  -0.140514655436E-10
0.458578442531E+01  0.445252356414E-10
0.459082063939E+01  0.884996264651E-10
0.459585685347E+01  0.103621150791E-09
0.460089306755E+01  0.850683205334E-10
0.460592928163E+01  0.389833276046E-10
0.461096549571E+01  -0.195613695199E-10
0.461600170979E+01  -0.714962438145E-10
0.462103792387E+01  -0.999657782993E-10
0.462607413795E+01  -0.958000744158E-10
0.463111035203E+01  -0.604698765367E-10
0.463614656611E+01  -0.557169560407E-11
0.464118278019E+01  0.509777372309E-10
0.464621899427E+01  0.907867157265E-10
0.465125520835E+01  0.100969529744E-09
0.465629142244E+01  0.783156587958E-10
0.466132763652E+01  0.303011587983E-10
0.466636385060E+01  -0.273805537386E-10
0.467140006468E+01  -0.759457225854E-10
0.467643627876E+01  -0.996389056782E-10
0.468147249284E+01  -0.908448759670E-10
0.468650870692E+01  -0.525347124347E-10
0.469154492100E+01  0.273499309196E-11
0.469658113508E+01  0.569365641191E-10
0.470161734916E+01  0.924523618027E-10
0.470665356324E+01  0.977988126219E-10
0.471168977732E+01  0.713392812282E-10
0.471672599140E+01  0.217834036431E-10
0.472176220548E+01  -0.346808634555E-10
0.472679841956E+01  -0.796738889329E-10
0.473183463364E+01  -0.986075377137E-10
0.473687084772E+01  -0.854150693996E-10
0.474190706180E+01  -0.444941519551E-10
0.474694327588E+01  0.107572236031E-10
0.475197948996E+01  0.623283309790E-10
0.475701570405E+01  0.934650150841E-10
0.476205191813E+01  0.941126701733E-10
0.476708813221E+01  0.641633867868E-10
0.477212434629E+01  0.134565661217E-10
0.477716056037E+01  -0.414529767439E-10
0.478219677445E+01  -0.826987942136E-10
0.478723298853E+01  -0.969174649473E-10
0.479226920261E+01  -0.795765092897E-10
0.479730541669E+01  -0.364193987224E-10
0.480234163077E+01  0.184362076352E-10
0.480737784485E+01  0.671169380842E-10
0.481241405893E+01  0.938153544117E-10
0.481745027301E+01  0.899242535107E-10
0.482248648709E+01  0.568102228382E-10
0.482752270117E+01  0.533579424813E-11
0.483255891525E+01  -0.477018949896E-10
0.483759512933E+01  -0.850540009962E-10
0.484263134341E+01  -0.946283248672E-10
0.484766755749E+01  -0.734035870485E-10
0.485270377157E+01  -0.283824879425E-10
0.485773998565E+01  0.257186415530E-10
0.486277619974E+01  0.712797492490E-10
0.486781241382E+01  0.935151557297E-10
0.487284862790E+01  0.852720489802E-10
0.487788484198E+01  0.493305719221E-10
0.488292105606E+01  -0.253242533215E-11
0.488795727014E+01  -0.534017409277E-10
0.489299348422E+01  -0.867410585585E-10
0.489802969830E+01  -0.917673580701E-10
0.490306591238E+01  -0.669389110741E-10
0.490810212646E+01  -0.204261627300E-10
0.491313834054E+01  0.325769275986E-10
0.491817455462E+01  0.748149946378E-10
0.492321076870E+01  0.925893219509E-10
0.492824698278E+01  0.802001405136E-10
0.493328319686E+01  0.417737587412E-10
0.493831941094E+01  -0.101108994391E-10
0.494335562502E+01  -0.585397072612E-10
0.494839183910E+01  -0.877766160982E-10
0.495342805318E+01  -0.883773341780E-10
0.495846426726E+01  -0.602389914294E-10
0.496350048135E+01  -0.126038906923E-10
0.496853669543E+01  0.389757326739E-10
0.497357290951E+01  0.777153366736E-10
0.497860912359E+01  0.910596808838E-10
0.498364533767E+01  0.747511111766E-10
0.498868155175E+01  0.341881050664E-10
0.499371776583E+01  -0.173614807455E-10
0.499875397991E+01  -0.631002778449E-10
0.500379019399E+01  -0.881738396746E-10
0.500882640807E+01  -0.844951358343E-10
0.501386262215E+01  -0.533526748175E-10
0.501889883623E+01  -0.496106199184E-11
0.502393505031E+01  0.448885964442E-10
0.502897126439E+01  0.799814649556E-10
0.503400747847E+01  0.889531169063E-10
0.503904369255E+01  0.689695042940E-10
0.504407990663E+01  0.266214033881E-10
0.504911612071E+01  -0.242491822438E-10
0.505415233479E+01  -0.670722875329E-10
0.505918854887E+01  -0.879479870220E-10
0.506422476295E+01  -0.801574212794E-10
0.506926097704E+01  -0.463248578147E-10
0.507429719112E+01  0.246509282374E-11
0.507933340520E+01  0.502987045077E-10
0.508436961928E+01  0.816238499776E-10
0.508940583336E+01  0.863060031737E-10
0.509444204744E+01  0.629067491300E-10
0.509947826152E+01  0.191243881906E-10
0.510451447560E+01  -0.307386785875E-10
0.510955068968E+01  -0.704474297721E-10
0.511458690376E+01  -0.871206754141E-10
0.511962311784E+01  -0.754087166550E-10
0.512465933192E+01  -0.392100060246E-10
0.512969554600E+01  0.962622888850E-11
0.513473176008E+01  0.551778780129E-10
0.513976797416E+01  0.826412554679E-10
0.514480418824E+01  0.831414883817E-10
0.514984040232E+01  0.566005627057E-10
0.515487661640E+01  0.117348366058E-10
0.515991283048E+01  -0.368071723607E-10
0.516494904456E+01  -0.732269025053E-10
0.516998525865E+01  -0.857178486389E-10
0.517502147273E+01  -0.702926297334E-10
0.518005768681E+01  -0.320551822270E-10
0.518509390089E+01  0.164874895730E-10
0.519013011497E+01  0.595155478150E-10
0.519516632905E+01  0.830525848279E-10
0.520020254313E+01  0.795046797736E-10
0.520523875721E+01  0.501105217339E-10
0.521027497129E+01  0.451106001995E-11
0.521531118537E+01  -0.424119573099E-10
0.522034739945E+01  -0.753931958791E-10
0.522538361353E+01  -0.837489188290E-10
0.523041982761E+01  -0.648379971439E-10
0.523545604169E+01  -0.248960131002E-10
0.524049225577E+01  0.230206144781E-10
0.524552846985E+01  0.633024588504E-10
0.525056468393E+01  0.828715083884E-10
0.525560089801E+01  0.754273262942E-10
0.526063711209E+01  0.434752984030E-10
0.526567332617E+01  -0.251595542015E-11
0.527070954025E+01  -0.475437199086E-10
0.527574575434E+01  -0.769654835334E-10
0.528078196842E+01  -0.812600161329E-10
0.528581818250E+01  -0.591088473189E-10
0.529085439658E+01  -0.177992656198E-10
0.529589061066E+01  0.291720965988E-10
0.530092682474E+01  0.665091554780E-10
0.530596303882E+01  0.820968435486E-10
0.531099925290E+01  0.709322653600E-10
0.531603546698E+01  0.367298748792E-10
0.532107168106E+01  -0.931378701617E-11
0.532610789514E+01  -0.521847104831E-10
0.533114410922E+01  -0.779478809962E-10
0.533618032330E+01  -0.782760383220E-10
0.534121653738E+01  -0.531413747802E-10
0.534625275146E+01  -0.107990285300E-10
0.535128896554E+01  0.349238697795E-10
0.535632517962E+01  0.691437006147E-10
0.536136139370E+01  0.807646310674E-10
0.536639760778E+01  0.660765681492E-10
0.537143382186E+01  0.299394197505E-10
0.537647003595E+01  -0.158246135118E-10
0.538150625003E+01  -0.562985475598E-10
0.538654246411E+01  -0.783323519947E-10
0.539157867819E+01  -0.748156574718E-10
0.539661489227E+01  -0.469721897610E-10
0.540165110635E+01  -0.393557452176E-11
0.540668732043E+01  0.402462939846E-10
0.541172353451E+01  0.711964629298E-10
0.541675974859E+01  0.788875308701E-10
0.542179596267E+01  0.608899910975E-10
0.542683217675E+01  0.231389836800E-10
0.543186839083E+01  -0.220221600901E-10
0.543690460491E+01  -0.598780266674E-10
0.544194081899E+01  -0.781356862015E-10
0.544697703307E+01  -0.709166355540E-10
0.545201324715E+01  -0.406492626793E-10
0.545704946123E+01  0.274707894498E-11
0.546208567531E+01  0.451125679213E-10
0.546712188939E+01  0.726672030511E-10
0.547215810347E+01  0.764928831852E-10
0.547719431756E+01  0.554198390187E-10
0.548223053164E+01  0.163829919705E-10
0.548726674572E+01  -0.278597647235E-10
0.549230295980E+01  -0.628972237849E-10
0.549733917388E+01  -0.773583235273E-10
0.550237538796E+01  -0.666030569095E-10
0.550741160204E+01  -0.342107446252E-10
0.551244781612E+01  0.921064363726E-11
0.551748403020E+01  0.494981416267E-10
0.552252024428E+01  0.735535082622E-10
0.552755645836E+01  0.736017727166E-10
0.553259267244E+01  0.497045330622E-10
0.553762888652E+01  0.971464424299E-11
0.554266510060E+01  -0.333037969758E-10
0.554770131468E+01  -0.653429272292E-10
0.555273752876E+01  -0.760128081795E-10
0.555777374284E+01  -0.619105462975E-10
0.556280995692E+01  -0.277051712740E-10
0.556784617100E+01  0.154076980717E-10
0.557288238508E+01  0.533701973553E-10
0.557791859916E+01  0.738464018487E-10
0.558295481325E+01  0.702310539132E-10
0.558799102733E+01  0.437803711038E-10
0.559302724141E+01  0.317793206618E-11
0.559806345549E+01  -0.383162210972E-10
0.560309966957E+01  -0.671955708737E-10
0.560813588365E+01  -0.741036529568E-10
0.561317209773E+01  -0.568655706383E-10
0.561820831181E+01  -0.211718018734E-10
0.562324452589E+01  0.212999701792E-10
0.562828073997E+01  0.567059805384E-10
0.563331695405E+01  0.735487210017E-10
0.563835316813E+01  0.664118491205E-10
0.564338938221E+01  0.377020368031E-10
0.564842559629E+01  -0.316111825963E-11
0.565346181037E+01  -0.428349177258E-10
0.565849802445E+01  -0.684103021996E-10
0.566353423853E+01  -0.716119233593E-10
0.566857045261E+01  -0.514759592764E-10
0.567360666669E+01  -0.146378175148E-10
0.567864288077E+01  0.268543279664E-10
0.568367909486E+01  0.594811568844E-10
0.568871530894E+01  0.726580103025E-10
0.569375152302E+01  0.621702058047E-10
0.569878773710E+01  0.315217405604E-10
0.570382395118E+01  -0.923377324158E-11
0.570886016526E+01  -0.467900726239E-10
0.571389637934E+01  -0.689328031923E-10
0.571893259342E+01  -0.685114973115E-10
0.572396880750E+01  -0.457484609862E-10
0.572900502158E+01  -0.813830708336E-11
0.573404123566E+01  0.320208934199E-10
0.573907744974E+01  0.616503270982E-10
0.574411366382E+01  0.711519908786E-10
0.574914987790E+01  0.575200058185E-10
0.575418609198E+01  0.252924563112E-10
0.575922230606E+01  -0.149576239930E-10
0.576425852014E+01  -0.500908605574E-10
0.576929473422E+01  -0.686907934275E-10
0.577433094830E+01  -0.647752155445E-10
0.577936716238E+01  -0.397202711733E-10
0.578440337646E+01  -0.177976372393E-11
0.578943959055E+01  0.366339584687E-10
0.579447580463E+01  0.630120993466E-10
0.579951201871E+01  0.688237572802E-10
0.580454823279E+01  0.522754949303E-10
0.580958444687E+01  0.188619662353E-10
0.581462066095E+01  -0.204610314506E-10
0.581965687503E+01  -0.528750931735E-10
0.582469308911E+01  -0.678858271366E-10
0.582972930319E+01  -0.607310779209E-10
0.583476551727E+01  -0.339017525422E-10
0.583980173135E+01  0.371014874766E-11
0.584483794543E+01  0.397463276433E-10
0.584987415951E+01  0.624297779452E-10
0.585491037359E+01  0.643994041049E-10
0.585994658767E+01  0.450793586283E-10
0.586498280175E+01  0.108194763775E-10
0.587001901583E+01  -0.272268848987E-10
0.587505522991E+01  -0.567788200415E-10
0.588009144399E+01  -0.684468624483E-10
0.588512765807E+01  -0.587790521872E-10
0.589016387216E+01  -0.313435164326E-10
0.589520008624E+01  0.449222077828E-11
0.590023630032E+01  0.366680750006E-10
0.590527251440E+01  0.543920131865E-10
0.591030872848E+01  0.516496993583E-10
0.591534494256E+01  0.291134002114E-10
0.592038115664E+01  -0.616234675353E-11
0.592541737072E+01  -0.431388387634E-10
0.593045358480E+01  -0.704766756001E-10
0.593548979888E+01  -0.802781779638E-10
0.594052601296E+01  -0.706502816587E-10
0.594556222704E+01  -0.462533937794E-10
0.595059844112E+01  -0.166735458841E-10
0.595563465520E+01  0.681730564568E-11
0.596067086928E+01  0.150130336869E-10
0.596570708336E+01  0.377441742780E-11
0.597074329744E+01  -0.247257871346E-10
0.597577951152E+01  -0.629199706763E-10
0.598081572560E+01  -0.100597204349E-09
0.598585193968E+01  -0.128532945015E-09
0.599088815376E+01  -0.141737467497E-09
0.599592436785E+01  -0.141181500459E-09
0.600096058193E+01  -0.133370932247E-09
0.600599679601E+01  -0.127875181197E-09
0.601103301009E+01  -0.133627578378E-09
0.601606922417E+01  -0.155264147254E-09
0.602110543825E+01  -0.190797504009E-09
0.602614165233E+01  -0.231513743436E-09
0.603117786641E+01  -0.264256730744E-09
