0.100000000000E+01  -0.456022482380E-08
0.100503621408E+01  -0.576530165558E-08
0.101007242816E+01  -0.724610920723E-08
0.101510864224E+01  -0.913821687767E-08
0.102014485632E+01  -0.115939811816E-07
0.102518107040E+01  -0.147773599096E-07
0.103021728448E+01  -0.188669364116E-07
0.103525349856E+01  -0.240678800725E-07
0.104028971264E+01  -0.306311351154E-07
0.104532592672E+01  -0.388765072642E-07
0.105036214080E+01  -0.492160421309E-07
0.105539835489E+01  -0.621751869636E-07
0.106043456897E+01  -0.784113177527E-07
0.106547078305E+01  -0.987315477563E-07
0.107050699713E+01  -0.124113584375E-06
0.107554321121E+01  -0.155734152271E-06
0.108057942529E+01  -0.195009001641E-06
0.108561563937E+01  -0.243647035030E-06
0.109065185345E+01  -0.303719188826E-06
0.109568806753E+01  -0.377741165340E-06
0.110072428161E+01  -0.468768514801E-06
0.110576049569E+01  -0.580503207122E-06
0.111079670977E+01  -0.717412597040E-06
0.111583292385E+01  -0.884864048208E-06
0.112086913793E+01  -0.108928077470E-05
0.112590535201E+01  -0.133832604108E-05
0.113094156609E+01  -0.164112333314E-05
0.113597778017E+01  -0.200851953887E-05
0.114101399425E+01  -0.245339690823E-05
0.114605020833E+01  -0.299103829079E-05
0.115108642241E+01  -0.363954951574E-05
0.115612263650E+01  -0.442034326320E-05
0.116115885058E+01  -0.535869048644E-05
0.116619506466E+01  -0.648434807855E-05
0.117123127874E+01  -0.783227444928E-05
0.117626749282E+01  -0.944344734215E-05
0.118130370690E+01  -0.113657999943E-04
0.118633992098E+01  -0.136552924531E-04
0.119137613506E+01  -0.163771346786E-04
0.119641234914E+01  -0.196071774760E-04
0.120144856322E+01  -0.234334870186E-04
0.120648477730E+01  -0.279581192820E-04
0.121152099138E+01  -0.332991124554E-04
0.121655720546E+01  -0.395927182315E-04
0.122159341954E+01  -0.469958963352E-04
0.122662963362E+01  -0.556891001158E-04
0.123166584770E+01  -0.658793837810E-04
0.123670206178E+01  -0.778038635322E-04
0.124173827586E+01  -0.917335653419E-04
0.124677448994E+01  -0.107977691792E-03
0.125181070402E+01  -0.126888339793E-03
0.125684691810E+01  -0.148865700839E-03
0.126188313219E+01  -0.174363776140E-03
0.126691934627E+01  -0.203896640679E-03
0.127195556035E+01  -0.238045292621E-03
0.127699177443E+01  -0.277465126981E-03
0.128202798851E+01  -0.322894074209E-03
0.128706420259E+01  -0.375161444768E-03
0.129210041667E+01  -0.435197519419E-03
0.129713663075E+01  -0.504043921950E-03
0.130217284483E+01  -0.582864806748E-03
0.130720905891E+01  -0.672958888780E-03
0.131224527299E+01  -0.775772338642E-03
0.131728148707E+01  -0.892912560948E-03
0.132231770115E+01  -0.102616287032E-02
0.132735391523E+01  -0.117749807535E-02
0.133239012931E+01  -0.134910097645E-02
0.133742634339E+01  -0.154337977736E-02
0.134246255747E+01  -0.176298640234E-02
0.134749877155E+01  -0.201083570034E-02
0.135253498563E+01  -0.229012550473E-02
0.135757119971E+01  -0.260435750233E-02
0.136260741380E+01  -0.295735884875E-02
0.136764362788E+01  -0.335330445052E-02
0.137267984196E+01  -0.379673981669E-02
0.137771605604E+01  -0.429260436552E-02
0.138275227012E+01  -0.484625505521E-02
0.138778848420E+01  -0.546349019093E-02
0.139282469828E+01  -0.615057324466E-02
0.139786091236E+01  -0.691425650838E-02
0.140289712644E+01  -0.776180438605E-02
0.140793334052E+01  -0.870101611438E-02
0.141296955460E+01  -0.974024768665E-02
0.141800576868E+01  -0.108884327376E-01
0.142304198276E+01  -0.121551021292E-01
0.142807819684E+01  -0.135504019557E-01
0.143311441092E+01  -0.150851096660E-01
0.143815062500E+01  -0.167706479728E-01
0.144318683908E+01  -0.186190961941E-01
0.144822305316E+01  -0.206431986486E-01
0.145325926724E+01  -0.228563697016E-01
0.145829548132E+01  -0.252726950472E-01
0.146333169541E+01  -0.279069288010E-01
0.146836790949E+01  -0.307744859813E-01
0.147340412357E+01  -0.338914299622E-01
0.147844033765E+01  -0.372744544968E-01
0.148347655173E+01  -0.409408599243E-01
0.148851276581E+01  -0.449085231876E-01
0.149354897989E+01  -0.491958613038E-01
0.149858519397E+01  -0.538217879399E-01
0.150362140805E+01  -0.588056627562E-01
0.150865762213E+01  -0.641672331987E-01
0.151369383621E+01  -0.699265684425E-01
0.151873005029E+01  -0.761039852263E-01
0.152376626437E+01  -0.827199653637E-01
0.152880247845E+01  -0.897950647785E-01
0.153383869253E+01  -0.973498139782E-01
0.153887490661E+01  -0.105404609946E+00
0.154391112069E+01  -0.113979599498E+00
0.154894733477E+01  -0.123094554203E+00
0.155398354885E+01  -0.132768737019E+00
0.155901976293E+01  -0.143020760831E+00
0.156405597701E+01  -0.153868439121E+00
0.156909219110E+01  -0.165328629081E+00
0.157412840518E+01  -0.177417067525E+00
0.157916461926E+01  -0.190148200101E+00
0.158420083334E+01  -0.203535004421E+00
0.158923704742E+01  -0.217588807896E+00
0.159427326150E+01  -0.232319101236E+00
0.159930947558E+01  -0.247733348723E+00
0.160434568966E+01  -0.263836796523E+00
0.160938190374E+01  -0.280632280389E+00
0.161441811782E+01  -0.298120034177E+00
0.161945433190E+01  -0.316297500598E+00
0.162449054598E+01  -0.335159145650E+00
0.162952676006E+01  -0.354696278122E+00
0.163456297414E+01  -0.374896875552E+00
0.163959918822E+01  -0.395745418035E+00
0.164463540230E+01  -0.417222731272E+00
0.164967161638E+01  -0.439305840343E+00
0.165470783046E+01  -0.461967835699E+00
0.165974404454E+01  -0.485177752987E+00
0.166478025862E+01  -0.508900468326E+00
0.166981647271E+01  -0.533096610704E+00
0.167485268679E+01  -0.557722493145E+00
0.167988890087E+01  -0.582730064238E+00
0.168492511495E+01  -0.608066881568E+00
0.168996132903E+01  -0.633676108495E+00
0.169499754311E+01  -0.659496535633E+00
0.170003375719E+01  -0.685462628313E+00
0.170506997127E+01  -0.711504601202E+00
0.171010618535E+01  -0.737548521181E+00
0.171514239943E+01  -0.763516439438E+00
0.172017861351E+01  -0.789326553587E+00
0.172521482759E+01  -0.814893400400E+00
0.173025104167E+01  -0.840128079475E+00
0.173528725575E+01  -0.864938507851E+00
0.174032346983E+01  -0.889229705247E+00
0.174535968391E+01  -0.912904109263E+00
0.175039589799E+01  -0.935861919595E+00
0.175543211207E+01  -0.958001470041E+00
0.176046832615E+01  -0.979219626942E+00
0.176550454023E+01  -0.999412212514E+00
0.177054075431E+01  -0.101847445152E+01
0.177557696840E+01  -0.103630143961E+01
0.178061318248E+01  -0.105278863166E+01
0.178564939656E+01  -0.106783234822E+01
0.179068561064E+01  -0.108133029810E+01
0.179572182472E+01  -0.109318211496E+01
0.180075803880E+01  -0.110328990524E+01
0.180579425288E+01  -0.111155880483E+01
0.181083046696E+01  -0.111789754125E+01
0.181586668104E+01  -0.112221899818E+01
0.182090289512E+01  -0.112444077867E+01
0.182593910920E+01  -0.112448576345E+01
0.183097532328E+01  -0.112228266055E+01
0.183601153736E+01  -0.111776654258E+01
0.184104775144E+01  -0.111087936778E+01
0.184608396552E+01  -0.110157048116E+01
0.185112017960E+01  -0.108979709212E+01
0.185615639368E+01  -0.107552472496E+01
0.186119260776E+01  -0.105872763868E+01
0.186622882184E+01  -0.103938921282E+01
0.187126503592E+01  -0.101750229601E+01
0.187630125001E+01  -0.993069514388E+00
0.188133746409E+01  -0.966103536949E+00
0.188637367817E+01  -0.936627295511E+00
0.189140989225E+01  -0.904674156995E+00
0.189644610633E+01  -0.870288046159E+00
0.190148232041E+01  -0.833523517115E+00
0.190651853449E+01  -0.794445772211E+00
0.191155474857E+01  -0.753130627063E+00
0.191659096265E+01  -0.709664420755E+00
0.192162717673E+01  -0.664143870420E+00
0.192666339081E+01  -0.616675869714E+00
0.193169960489E+01  -0.567377230952E+00
0.193673581897E+01  -0.516374371092E+00
0.194177203305E+01  -0.463802942132E+00
0.194680824713E+01  -0.409807406939E+00
0.195184446121E+01  -0.354540562004E+00
0.195688067529E+01  -0.298163009031E+00
0.196191688937E+01  -0.240842577708E+00
0.196695310345E+01  -0.182753702350E+00
0.197198931753E+01  -0.124076755439E+00
0.197702553161E+01  -0.649973413017E-01
0.198206174570E+01  -0.570555344109E-02
0.198709795978E+01  0.536048008015E-01
0.199213417386E+01  0.112737004391E+00
0.199717038794E+01  0.171492259511E+00
0.200220660202E+01  0.229670537032E+00
0.200724281610E+01  0.287071442200E+00
0.201227903018E+01  0.343495092032E+00
0.201731524426E+01  0.398742999805E+00
0.202235145834E+01  0.452618961959E+00
0.202738767242E+01  0.504929942617E+00
0.203242388650E+01  0.555486950959E+00
0.203746010058E+01  0.604105906623E+00
0.204249631466E+01  0.650608488377E+00
0.204753252874E+01  0.694822961330E+00
0.205256874282E+01  0.736584978044E+00
0.205760495690E+01  0.775738349036E+00
0.206264117098E+01  0.812135778327E+00
0.206767738506E+01  0.845639559904E+00
0.207271359914E+01  0.876122231232E+00
0.207774981322E+01  0.903467180244E+00
0.208278602731E+01  0.927569202591E+00
0.208782224139E+01  0.948335006246E+00
0.209285845547E+01  0.965683660935E+00
0.209789466955E+01  0.979546990187E+00
0.210293088363E+01  0.989869904119E+00
0.210796709771E+01  0.996610671378E+00
0.211300331179E+01  0.999741128953E+00
0.211803952587E+01  0.999246828871E+00
0.212307573995E+01  0.995127121077E+00
0.212811195403E+01  0.987395172167E+00
0.213314816811E+01  0.976077919936E+00
0.213818438219E+01  0.961215964120E+00
0.214322059627E+01  0.942863394067E+00
0.214825681035E+01  0.921087554474E+00
0.215329302443E+01  0.895968750685E+00
0.215832923851E+01  0.867599895415E+00
0.216336545259E+01  0.836086099082E+00
0.216840166667E+01  0.801544206247E+00
0.217343788075E+01  0.764102280905E+00
0.217847409483E+01  0.723899043666E+00
0.218351030892E+01  0.681083264039E+00
0.218854652300E+01  0.635813111304E+00
0.219358273708E+01  0.588255467589E+00
0.219861895116E+01  0.538585206968E+00
0.220365516524E+01  0.486984444532E+00
0.220869137932E+01  0.433641759447E+00
0.221372759340E+01  0.378751396142E+00
0.221876380748E+01  0.322512447733E+00
0.222380002156E+01  0.265128025865E+00
0.222883623564E+01  0.206804421086E+00
0.223387244972E+01  0.147750257875E+00
0.223890866380E+01  0.881756484127E-01
0.224394487788E+01  0.282913491218E-01
0.224898109196E+01  -0.316920760059E-01
0.225401730604E+01  -0.915650813796E-01
0.225905352012E+01  -0.151119951222E+00
0.226408973420E+01  -0.210151592701E+00
0.226912594828E+01  -0.268458307209E+00
0.227416216236E+01  -0.325842536403E+00
0.227919837644E+01  -0.382111579860E+00
0.228423459052E+01  -0.437078281414E+00
0.228927080461E+01  -0.490561681522E+00
0.229430701869E+01  -0.542387633266E+00
0.229934323277E+01  -0.592389379827E+00
0.230437944685E+01  -0.640408091551E+00
0.230941566093E+01  -0.686293360925E+00
0.231445187501E+01  -0.729903654052E+00
0.231948808909E+01  -0.771106717411E+00
0.232452430317E+01  -0.809779938950E+00
0.232956051725E+01  -0.845810662768E+00
0.233459673133E+01  -0.879096456915E+00
0.233963294541E+01  -0.909545334043E+00
0.234466915949E+01  -0.937075924911E+00
0.234970537357E+01  -0.961617604965E+00
0.235474158765E+01  -0.983110574445E+00
0.235977780173E+01  -0.100150589269E+01
0.236481401581E+01  -0.101676546752E+01
0.236985022989E+01  -0.102886200083E+01
0.237488644397E+01  -0.103777889159E+01
0.237992265805E+01  -0.104351009787E+01
0.238495887213E+01  -0.104605995945E+01
0.238999508622E+01  -0.104544298290E+01
0.239503130030E+01  -0.104168359113E+01
0.240006751438E+01  -0.103481583948E+01
0.240510372846E+01  -0.102488310049E+01
0.241013994254E+01  -0.101193771976E+01
0.241517615662E+01  -0.996040645047E+00
0.242021237070E+01  -0.977261030979E+00
0.242524858478E+01  -0.955675821763E+00
0.243028479886E+01  -0.931369314193E+00
0.243532101294E+01  -0.904432703373E+00
0.244035722702E+01  -0.874963613517E+00
0.244539344110E+01  -0.843065616256E+00
0.245042965518E+01  -0.808847738844E+00
0.245546586926E+01  -0.772423964678E+00
0.246050208334E+01  -0.733912728502E+00
0.246553829742E+01  -0.693436408634E+00
0.247057451150E+01  -0.651120818478E+00
0.247561072558E+01  -0.607094699506E+00
0.248064693966E+01  -0.561489217807E+00
0.248568315374E+01  -0.514437466194E+00
0.249071936782E+01  -0.466073973769E+00
0.249575558191E+01  -0.416534224725E+00
0.250079179599E+01  -0.365954188086E+00
0.250582801007E+01  -0.314469859953E+00
0.251086422415E+01  -0.262216819738E+00
0.251590043823E+01  -0.209329801713E+00
0.252093665231E+01  -0.155942283116E+00
0.252597286639E+01  -0.102186089893E+00
0.253100908047E+01  -0.481910210391E-01
0.253604529455E+01  0.591550762530E-02
0.254108150863E+01  0.600087995278E-01
0.254611772271E+01  0.113967192667E+00
0.255115393679E+01  0.167672353679E+00
0.255619015087E+01  0.221009550244E+00
0.256122636495E+01  0.273867901524E+00
0.256626257903E+01  0.326140606419E+00
0.257129879311E+01  0.377725149533E+00
0.257633500719E+01  0.428523484845E+00
0.258137122127E+01  0.478442197206E+00
0.258640743535E+01  0.527392641856E+00
0.259144364943E+01  0.575291062312E+00
0.259647986352E+01  0.622058687020E+00
0.260151607760E+01  0.667621805278E+00
0.260655229168E+01  0.711911822990E+00
0.261158850576E+01  0.754865298870E+00
0.261662471984E+01  0.796423961750E+00
0.262166093392E+01  0.836534709715E+00
0.262669714800E+01  0.875149591774E+00
0.263173336208E+01  0.912225772872E+00
0.263676957616E+01  0.947725483030E+00
0.264180579024E+01  0.981615951465E+00
0.264684200432E+01  0.101386932655E+01
0.265187821840E+01  0.104446258250E+01
0.265691443248E+01  0.107337741371E+01
0.266195064656E+01  0.110060011762E+01
0.266698686064E+01  0.112612146703E+01
0.267202307472E+01  0.114993657282E+01
0.267705928880E+01  0.117204473795E+01
0.268209550288E+01  0.119244930367E+01
0.268713171696E+01  0.121115748889E+01
0.269216793104E+01  0.122818022358E+01
0.269720414512E+01  0.124353197717E+01
0.270224035921E+01  0.125723058280E+01
0.270727657329E+01  0.126929705825E+01
0.271231278737E+01  0.127975542445E+01
0.271734900145E+01  0.128863252233E+01
0.272238521553E+01  0.129595782864E+01
0.272742142961E+01  0.130176327156E+01
0.273245764369E+01  0.130608304664E+01
0.273749385777E+01  0.130895343371E+01
0.274253007185E+01  0.131041261535E+01
0.274756628593E+01  0.131050049744E+01
0.275260250001E+01  0.130925853227E+01
0.275763871409E+01  0.130672954491E+01
0.276267492817E+01  0.130295756299E+01
0.276771114225E+01  0.129798765063E+01
0.277274735633E+01  0.129186574675E+01
0.277778357041E+01  0.128463850807E+01
0.278281978449E+01  0.127635315733E+01
0.278785599857E+01  0.126705733663E+01
0.279289221265E+01  0.125679896656E+01
0.279792842673E+01  0.124562611100E+01
0.280296464082E+01  0.123358684791E+01
0.280800085490E+01  0.122072914626E+01
0.281303706898E+01  0.120710074931E+01
0.281807328306E+01  0.119274906412E+01
0.282310949714E+01  0.117772105763E+01
0.282814571122E+01  0.116206315910E+01
0.283318192530E+01  0.114582116894E+01
0.283821813938E+01  0.112904017398E+01
0.284325435346E+01  0.111176446892E+01
0.284829056754E+01  0.109403748392E+01
0.285332678162E+01  0.107590171826E+01
0.285836299570E+01  0.105739867990E+01
0.286339920978E+01  0.103856883083E+01
0.286843542386E+01  0.101945153816E+01
0.287347163794E+01  0.100008503074E+01
0.287850785202E+01  0.980506361242E+00
0.288354406610E+01  0.960751373607E+00
0.288858028018E+01  0.940854675526E+00
0.289361649426E+01  0.920849615918E+00
0.289865270834E+01  0.900768267114E+00
0.290368892242E+01  0.880641411534E+00
0.290872513651E+01  0.860498532649E+00
0.291376135059E+01  0.840367809996E+00
0.291879756467E+01  0.820276118050E+00
0.292383377875E+01  0.800249028735E+00
0.292886999283E+01  0.780310817386E+00
0.293390620691E+01  0.760484471971E+00
0.293894242099E+01  0.740791705340E+00
0.294397863507E+01  0.721252970320E+00
0.294901484915E+01  0.701887477410E+00
0.295405106323E+01  0.682713214857E+00
0.295908727731E+01  0.663746970905E+00
0.296412349139E+01  0.645004357984E+00
0.296915970547E+01  0.626499838663E+00
0.297419591955E+01  0.608246753181E+00
0.297923213363E+01  0.590257348390E+00
0.298426834771E+01  0.572542807975E+00
0.298930456179E+01  0.555113283786E+00
0.299434077587E+01  0.537977928166E+00
0.299937698995E+01  0.521144927094E+00
0.300441320403E+01  0.504621534023E+00
0.300944941812E+01  0.488414104238E+00
0.301448563220E+01  0.472528129594E+00
0.301952184628E+01  0.456968273488E+00
0.302455806036E+01  0.441738405934E+00
0.302959427444E+01  0.426841638630E+00
0.303463048852E+01  0.412280359918E+00
0.303966670260E+01  0.398056269544E+00
0.304470291668E+01  0.384170413139E+00
0.304973913076E+01  0.370623216346E+00
0.305477534484E+01  0.357414518517E+00
0.305981155892E+01  0.344543605898E+00
0.306484777300E+01  0.332009244232E+00
0.306988398708E+01  0.319809710715E+00
0.307492020116E+01  0.307942825235E+00
0.307995641524E+01  0.296405980854E+00
0.308499262932E+01  0.285196173501E+00
0.309002884340E+01  0.274310030830E+00
0.309506505748E+01  0.263743840259E+00
0.310010127156E+01  0.253493576137E+00
0.310513748564E+01  0.243554926056E+00
0.311017369973E+01  0.233923316267E+00
0.311520991381E+01  0.224593936200E+00
0.312024612789E+01  0.215561762042E+00
0.312528234197E+01  0.206821579383E+00
0.313031855605E+01  0.198368004895E+00
0.313535477013E+01  0.190195507061E+00
0.314039098421E+01  0.182298425938E+00
0.314542719829E+01  0.174670991990E+00
0.315046341237E+01  0.167307343997E+00
0.315549962645E+01  0.160201546059E+00
0.316053584053E+01  0.153347603720E+00
0.316557205461E+01  0.146739479221E+00
0.317060826869E+01  0.140371105891E+00
0.317564448277E+01  0.134236401692E+00
0.318068069685E+01  0.128329281924E+00
0.318571691093E+01  0.122643671109E+00
0.319075312501E+01  0.117173514075E+00
0.319578933909E+01  0.111912786267E+00
0.320082555317E+01  0.106855503316E+00
0.320586176725E+01  0.101995729907E+00
0.321089798133E+01  0.973275879696E-01
0.321593419542E+01  0.928452642182E-01
0.322097040950E+01  0.885430170728E-01
0.322600662358E+01  0.844151829684E-01
0.323104283766E+01  0.804561820738E-01
0.323607905174E+01  0.766605234357E-01
0.324111526582E+01  0.730228095670E-01
0.324615147990E+01  0.695377405064E-01
0.325118769398E+01  0.662001173772E-01
0.325622390806E+01  0.630048454809E-01
0.326126012214E+01  0.599469369567E-01
0.326629633622E+01  0.570215130375E-01
0.327133255030E+01  0.542238059281E-01
0.327636876438E+01  0.515491603255E-01
0.328140497846E+01  0.489930345952E-01
0.328644119254E+01  0.465510016168E-01
0.329147740662E+01  0.442187493138E-01
0.329651362070E+01  0.419920808821E-01
0.330154983478E+01  0.398669147396E-01
0.330658604886E+01  0.378392842210E-01
0.331162226294E+01  0.359053370445E-01
0.331665847703E+01  0.340613345757E-01
0.332169469111E+01  0.323036509124E-01
0.332673090519E+01  0.306287718045E-01
0.333176711927E+01  0.290332934236E-01
0.333680333335E+01  0.275139209875E-01
0.334183954743E+01  0.260674672457E-01
0.334687576151E+01  0.246908508332E-01
0.335191197559E+01  0.233810945006E-01
0.335694818967E+01  0.221353232372E-01
0.336198440375E+01  0.209507623021E-01
0.336702061783E+01  0.198247351833E-01
0.337205683191E+01  0.187546615040E-01
0.337709304599E+01  0.177380548879E-01
0.338212926007E+01  0.167725207962E-01
0.338716547415E+01  0.158557543375E-01
0.339220168823E+01  0.149855380535E-01
0.339723790231E+01  0.141597396787E-01
0.340227411639E+01  0.133763098757E-01
0.340731033047E+01  0.126332799494E-01
0.341234654455E+01  0.119287595492E-01
0.341738275863E+01  0.112609343700E-01
0.342241897272E+01  0.106280638662E-01
0.342745518680E+01  0.100284789880E-01
0.343249140088E+01  0.946057995071E-02
0.343752761496E+01  0.892283403956E-02
0.344256382904E+01  0.841377344799E-02
0.344760004312E+01  0.793199314705E-02
0.345263625720E+01  0.747614878017E-02
0.345767247128E+01  0.704495458059E-02
0.346270868536E+01  0.663718131238E-02
0.346774489944E+01  0.625165423963E-02
0.347278111352E+01  0.588725113178E-02
0.347781732760E+01  0.554290031408E-02
0.348285354168E+01  0.521757877092E-02
0.348788975576E+01  0.491031030635E-02
0.349292596984E+01  0.462016376174E-02
0.349796218392E+01  0.434625128641E-02
0.350299839800E+01  0.408772665471E-02
0.350803461208E+01  0.384378362283E-02
0.351307082616E+01  0.361365432071E-02
0.351810704024E+01  0.339660767826E-02
0.352314325433E+01  0.319194788886E-02
0.352817946841E+01  0.299901291620E-02
0.353321568249E+01  0.281717305124E-02
0.353825189657E+01  0.264582952474E-02
0.354328811065E+01  0.248441317754E-02
0.354832432473E+01  0.233238318655E-02
0.355336053881E+01  0.218922584083E-02
0.355839675289E+01  0.205445336028E-02
0.356343296697E+01  0.192760274964E-02
0.356846918105E+01  0.180823468289E-02
0.357350539513E+01  0.169593241694E-02
0.357854160921E+01  0.159030073724E-02
0.358357782329E+01  0.149096494057E-02
0.358861403737E+01  0.139756986087E-02
0.359365025145E+01  0.130977894240E-02
0.359868646553E+01  0.122727336127E-02
0.360372267961E+01  0.114975119249E-02
0.360875889369E+01  0.107692661631E-02
0.361379510777E+01  0.100852915648E-02
0.361883132185E+01  0.944302943041E-03
0.362386753593E+01  0.884005995599E-03
0.362890375002E+01  0.827409525954E-03
0.363393996410E+01  0.774297263147E-03
0.363897617818E+01  0.724464805936E-03
0.364401239226E+01  0.677719008195E-03
0.364904860634E+01  0.633877400937E-03
0.365408482042E+01  0.592767651415E-03
0.365912103450E+01  0.554227056077E-03
0.366415724858E+01  0.518102061270E-03
0.366919346266E+01  0.484247804371E-03
0.367422967674E+01  0.452527668970E-03
0.367926589082E+01  0.422812850381E-03
0.368430210490E+01  0.394981931383E-03
0.368933831898E+01  0.368920471428E-03
0.369437453306E+01  0.344520614531E-03
0.369941074714E+01  0.321680721122E-03
0.370444696122E+01  0.300305027207E-03
0.370948317530E+01  0.280303330943E-03
0.371451938938E+01  0.261590703266E-03
0.371955560346E+01  0.244087216607E-03
0.372459181754E+01  0.227717684886E-03
0.372962803163E+01  0.212411409090E-03
0.373466424571E+01  0.198101925545E-03
0.373970045979E+01  0.184726757457E-03
0.374473667387E+01  0.172227173387E-03
0.374977288795E+01  0.160547958006E-03
0.375480910203E+01  0.149637200248E-03
0.375984531611E+01  0.139446101885E-03
0.376488153019E+01  0.129928806363E-03
0.376991774427E+01  0.121042244424E-03
0.377495395835E+01  0.112745990776E-03
0.377999017243E+01  0.105002125458E-03
0.378502638651E+01  0.977750949588E-04
0.379006260059E+01  0.910315709073E-04
0.379509881467E+01  0.847403075468E-04
0.380013502875E+01  0.788720020288E-04
0.380517124283E+01  0.733991629215E-04
0.381020745691E+01  0.682959918385E-04
0.381524367099E+01  0.635382808897E-04
0.382027988507E+01  0.591033254899E-04
0.382531609915E+01  0.549698489626E-04
0.383035231324E+01  0.511179333632E-04
0.383538852732E+01  0.475289506650E-04
0.384042474140E+01  0.441854899682E-04
0.384546095548E+01  0.410712792430E-04
0.385049716956E+01  0.381711033412E-04
0.385553338364E+01  0.354707225667E-04
0.386056959772E+01  0.329567971867E-04
0.386560581180E+01  0.306168225178E-04
0.387064202588E+01  0.284390769154E-04
0.387567823996E+01  0.264125818931E-04
0.388071445404E+01  0.245270706871E-04
0.388575066812E+01  0.227729598698E-04
0.389078688220E+01  0.211413185510E-04
0.389582309628E+01  0.196238314274E-04
0.390085931036E+01  0.182127547669E-04
0.390589552444E+01  0.169008674932E-04
0.391093173852E+01  0.156814218486E-04
0.391596795260E+01  0.145480989050E-04
0.392100416668E+01  0.134949732471E-04
0.392604038076E+01  0.125164887521E-04
0.393107659484E+01  0.116074443634E-04
0.393611280893E+01  0.107629860663E-04
0.394114902301E+01  0.997859979355E-05
0.394618523709E+01  0.925010021552E-05
0.395122145117E+01  0.857361218169E-05
0.395625766525E+01  0.794554442779E-05
0.396129387933E+01  0.736255806211E-05
0.396633009341E+01  0.682153442329E-05
0.397136630749E+01  0.631954741086E-05
0.397640252157E+01  0.585384426229E-05
0.398143873565E+01  0.542183628813E-05
0.398647494973E+01  0.502109813163E-05
0.399151116381E+01  0.464937165210E-05
0.399654737789E+01  0.430456930465E-05
0.400158359197E+01  0.398477233339E-05
0.400661980605E+01  0.368822104472E-05
0.401165602013E+01  0.341329722157E-05
0.401669223421E+01  0.315850150199E-05
0.402172844829E+01  0.292243034119E-05
0.402676466237E+01  0.270375747587E-05
0.403180087645E+01  0.250122347337E-05
0.403683709054E+01  0.231363446605E-05
0.404187330462E+01  0.213986832944E-05
0.404690951870E+01  0.197888429758E-05
0.405194573278E+01  0.182973103954E-05
0.405698194686E+01  0.169154888271E-05
0.406201816094E+01  0.156356389845E-05
0.406705437502E+01  0.144507433429E-05
0.407209058910E+01  0.133543244408E-05
0.407712680318E+01  0.123402635951E-05
0.408216301726E+01  0.114026666299E-05
0.408719923134E+01  0.105358087278E-05
0.409223544542E+01  0.973416527491E-06
0.409727165950E+01  0.899250839460E-06
0.410230787358E+01  0.830602826258E-06
0.410734408766E+01  0.767043119994E-06
0.411238030174E+01  0.708197486310E-06
0.411741651582E+01  0.653742208861E-06
0.412245272990E+01  0.603392195651E-06
0.412748894398E+01  0.556885068459E-06
0.413252515806E+01  0.513965824544E-06
0.413756137214E+01  0.474376490204E-06
0.414259758623E+01  0.437853577472E-06
0.414763380031E+01  0.404133639965E-06
0.415267001439E+01  0.372964630802E-06
0.415770622847E+01  0.344118922803E-06
0.416274244255E+01  0.317403366276E-06
0.416777865663E+01  0.292662775229E-06
0.417281487071E+01  0.269775409832E-06
0.417785108479E+01  0.248641659307E-06
0.418288729887E+01  0.229169338597E-06
0.418792351295E+01  0.211260131484E-06
0.419295972703E+01  0.194801314979E-06
0.419799594111E+01  0.179665192730E-06
0.420303215519E+01  0.165716159682E-06
0.420806836927E+01  0.152822861137E-06
0.421310458335E+01  0.140871278658E-06
0.421814079743E+01  0.129774323342E-06
0.422317701151E+01  0.119474672701E-06
0.422821322559E+01  0.109939820946E-06
0.423324943967E+01  0.101150856575E-06
0.423828565375E+01  0.930885096385E-07
0.424332186784E+01  0.857209028033E-07
0.424835808192E+01  0.789968536984E-07
0.425339429600E+01  0.728467768011E-07
0.425843051008E+01  0.671907477036E-07
0.426346672416E+01  0.619509908634E-07
0.426850293824E+01  0.570646218980E-07
0.427353915232E+01  0.524924358693E-07
0.427857536640E+01  0.482208361379E-07
0.428361158048E+01  0.442562507753E-07
0.428864779456E+01  0.406138268328E-07
0.429368400864E+01  0.373040529878E-07
0.429872022272E+01  0.343216071352E-07
0.430375643680E+01  0.316399948570E-07
0.430879265088E+01  0.292136399518E-07
0.431382886496E+01  0.269866688636E-07
0.431886507904E+01  0.249054618750E-07
0.432390129312E+01  0.229308386083E-07
0.432893750720E+01  0.210458928337E-07
0.433397372128E+01  0.192569222441E-07
0.433900993536E+01  0.175871642967E-07
0.434404614944E+01  0.160653779749E-07
0.434908236353E+01  0.147129899330E-07
0.435411857761E+01  0.135339571114E-07
0.435915479169E+01  0.125106063963E-07
0.436419100577E+01  0.116067528506E-07
0.436922721985E+01  0.107770202252E-07
0.437426343393E+01  0.997930251795E-08
0.437929964801E+01  0.918627010889E-08
0.438433586209E+01  0.839219325801E-08
0.438937207617E+01  0.761286501554E-08
0.439440829025E+01  0.687868150347E-08
0.439944450433E+01  0.622314377263E-08
0.440448071841E+01  0.567053930311E-08
0.440951693249E+01  0.522678385454E-08
0.441455314657E+01  0.487638588050E-08
0.441958936065E+01  0.458647217976E-08
0.442462557473E+01  0.431652475159E-08
0.442966178881E+01  0.403063200673E-08
0.443469800289E+01  0.370825620845E-08
0.443973421697E+01  0.335002132945E-08
0.444477043105E+01  0.297666308343E-08
0.444980664514E+01  0.262151176842E-08
0.445484285922E+01  0.231897541825E-08
0.445987907330E+01  0.209278510049E-08
0.446491528738E+01  0.194780954103E-08
0.446995150146E+01  0.186808236456E-08
0.447498771554E+01  0.182164294541E-08
0.448002392962E+01  0.177058314057E-08
0.448506014370E+01  0.168301005318E-08
0.449009635778E+01  0.154302179167E-08
0.449513257186E+01  0.135547059970E-08
0.450016878594E+01  0.114398566583E-08
0.450520500002E+01  0.942933378979E-09
0.451024121410E+01  0.785948996316E-09
0.451527742818E+01  0.694788372817E-09
0.452031364226E+01  0.672107660871E-09
0.452534985634E+01  0.700501383870E-09
0.453038607042E+01  0.748076668035E-09
0.453542228450E+01  0.778720208107E-09
0.454045849858E+01  0.763694523485E-09
0.454549471266E+01  0.690798738061E-09
0.455053092675E+01  0.568120917947E-09
0.455556714083E+01  0.421191911572E-09
0.456060335491E+01  0.284501858080E-09
0.456563956899E+01  0.190152708348E-09
0.457067578307E+01  0.157351338132E-09
0.457571199715E+01  0.186153334578E-09
0.458074821123E+01  0.257460394981E-09
0.458578442531E+01  0.339246294591E-09
0.459082063939E+01  0.396960364868E-09
0.459585685347E+01  0.404700000346E-09
0.460089306755E+01  0.353527846567E-09
0.460592928163E+01  0.254242670092E-09
0.461096549571E+01  0.133728792498E-09
0.461600170979E+01  0.261033418224E-10
0.462103792387E+01  -0.384387842472E-10
0.462607413795E+01  -0.434499565653E-10
0.463111035203E+01  0.846147284243E-11
0.463614656611E+01  0.965419541180E-10
0.464118278019E+01  0.188691860717E-09
0.464621899427E+01  0.251924016593E-09
0.465125520835E+01  0.263057611598E-09
0.465629142244E+01  0.216180871460E-09
0.466132763652E+01  0.124467809705E-09
0.466636385060E+01  0.157901607624E-10
0.467140006468E+01  -0.764244527683E-10
0.467643627876E+01  -0.124090667362E-09
0.468147249284E+01  -0.113577470433E-09
0.468650870692E+01  -0.500796369776E-10
0.469154492100E+01  0.441489335728E-10
0.469658113508E+01  0.137094118940E-09
0.470161734916E+01  0.197417388373E-09
0.470665356324E+01  0.204624189002E-09
0.471168977732E+01  0.155661363884E-09
0.471672599140E+01  0.658177238667E-10
0.472176220548E+01  -0.363353338510E-10
0.472679841956E+01  -0.118294558993E-09
0.473183463364E+01  -0.154208830108E-09
0.473687084772E+01  -0.133248355229E-09
0.474190706180E+01  -0.630579612674E-10
0.474694327588E+01  0.328102386731E-10
0.475197948996E+01  0.122617596458E-09
0.475701570405E+01  0.176785454073E-09
0.476205191813E+01  0.177488166763E-09
0.476708813221E+01  0.124386936782E-09
0.477212434629E+01  0.346534916368E-10
0.477716056037E+01  -0.626933148444E-10
0.478219677445E+01  -0.136271228809E-09
0.478723298853E+01  -0.162543225303E-09
0.479226920261E+01  -0.133429365126E-09
0.479730541669E+01  -0.588593217982E-10
0.480234163077E+01  0.365348220959E-10
0.480737784485E+01  0.121488487620E-09
0.481241405893E+01  0.168290053197E-09
0.481745027301E+01  0.161766363963E-09
0.482248648709E+01  0.104150401954E-09
0.482752270117E+01  0.142743846477E-10
0.483255891525E+01  -0.786260992774E-10
0.483759512933E+01  -0.144461431833E-09
0.484263134341E+01  -0.162064346051E-09
0.484766755749E+01  -0.126028136753E-09
0.485270377157E+01  -0.483892239195E-10
0.485773998565E+01  0.453646393378E-10
0.486277619974E+01  0.124635061644E-09
0.486781241382E+01  0.163676528245E-09
0.487284862790E+01  0.149939076704E-09
0.487788484198E+01  0.880811842444E-10
0.488292105606E+01  -0.162358917868E-11
0.488795727014E+01  -0.899439448858E-10
0.489299348422E+01  -0.148233241188E-09
0.489802969830E+01  -0.157728939289E-09
0.490306591238E+01  -0.115605144092E-09
0.490810212646E+01  -0.358160023987E-10
0.491313834054E+01  0.555159673263E-10
0.491817455462E+01  0.128641981264E-09
0.492321076870E+01  0.159867849858E-09
0.492824698278E+01  0.139224468276E-09
0.493328319686E+01  0.736415135907E-10
0.493831941094E+01  -0.153831992075E-10
0.494335562502E+01  -0.988338307807E-10
0.494839183910E+01  -0.149639067676E-09
0.495342805318E+01  -0.151459028999E-09
0.495846426726E+01  -0.103941756154E-09
0.496350048135E+01  -0.227641568593E-10
0.496853669543E+01  0.655337860588E-10
0.497357290951E+01  0.132225469260E-09
0.497860912359E+01  0.155737249274E-09
0.498364533767E+01  0.128624024157E-09
0.498868155175E+01  0.599242577645E-10
0.499371776583E+01  -0.278558012782E-10
0.499875397991E+01  -0.106115966878E-09
0.500379019399E+01  -0.149480265860E-09
0.500882640807E+01  -0.144028780507E-09
0.501386262215E+01  -0.917651476328E-10
0.501889883623E+01  -0.989050985852E-11
0.502393505031E+01  0.748533742431E-10
0.502897126439E+01  0.134919363708E-09
0.503400747847E+01  0.150906217846E-09
0.503904369255E+01  0.117824040902E-09
0.504407990663E+01  0.466482370193E-10
0.504911612071E+01  -0.393220890926E-10
0.505415233479E+01  -0.112089949761E-09
0.505918854887E+01  -0.148079408581E-09
0.506422476295E+01  -0.135773737269E-09
0.506926097704E+01  -0.793999440074E-10
0.507429719112E+01  0.251842694843E-11
0.507933340520E+01  0.832464786215E-10
0.508436961928E+01  0.136562205917E-09
0.508940583336E+01  0.145273572236E-09
0.509444204744E+01  0.106760743906E-09
0.509947826152E+01  0.337578531624E-10
0.510451447560E+01  -0.498558086874E-10
0.510955068968E+01  -0.116867273380E-09
0.511458690376E+01  -0.145587317643E-09
0.511962311784E+01  -0.126868903204E-09
0.512465933192E+01  -0.670206180737E-10
0.512969554600E+01  0.143176012591E-10
0.513473176008E+01  0.906187937185E-10
0.513976797416E+01  0.137118956606E-09
0.514480418824E+01  0.138854750803E-09
0.514984040232E+01  0.954778632256E-10
0.515487661640E+01  0.212967530925E-10
0.515991283048E+01  -0.594413652134E-10
0.516494904456E+01  -0.120476423651E-09
0.516998525865E+01  -0.142076757988E-09
0.517502147273E+01  -0.117417328892E-09
0.518005768681E+01  -0.547343664032E-10
0.518509390089E+01  0.254235400283E-10
0.519013011497E+01  0.969311196342E-10
0.519516632905E+01  0.136601424053E-09
0.520020254313E+01  0.131704042948E-09
0.520523875721E+01  0.840494351565E-10
0.521027497129E+01  0.932894947440E-11
0.521531118537E+01  -0.680505435138E-10
0.522034739945E+01  -0.122940105676E-09
0.522538361353E+01  -0.137621189421E-09
0.523041982761E+01  -0.107525921121E-09
0.523545604169E+01  -0.426545895263E-10
0.524049225577E+01  0.357450879287E-10
0.524552846985E+01  0.102137925946E-09
0.525056468393E+01  0.135018161603E-09
0.525560089801E+01  0.123874895170E-09
0.526063711209E+01  0.725518345735E-10
0.526567332617E+01  -0.207473682592E-11
0.527070954025E+01  -0.756451135741E-10
0.527574575434E+01  -0.124267436235E-09
0.528078196842E+01  -0.132276601456E-09
0.528581818250E+01  -0.972817200756E-10
0.529085439658E+01  -0.308729528379E-10
0.529589061066E+01  0.452151299118E-10
0.530092682474E+01  0.106217623006E-09
0.530596303882E+01  0.132399664411E-09
0.531099925290E+01  0.115441449407E-09
0.531603546698E+01  0.610796628271E-10
0.532107168106E+01  -0.128294646149E-10
0.532610789514E+01  -0.821755712593E-10
0.533114410922E+01  -0.124460066542E-09
0.533618032330E+01  -0.126095513001E-09
0.534121653738E+01  -0.867710137022E-10
0.534625275146E+01  -0.194822737220E-10
0.535128896554E+01  0.537635437407E-10
0.535632517962E+01  0.109145522187E-09
0.536136139370E+01  0.128775757464E-09
0.536639760778E+01  0.106478449464E-09
0.537143382186E+01  0.497300996483E-10
0.537647003595E+01  -0.228452824432E-10
0.538150625003E+01  -0.875885987307E-10
0.538654246411E+01  -0.123518535034E-09
0.539157867819E+01  -0.119132185931E-09
0.539661489227E+01  -0.760864649235E-10
0.540165110635E+01  -0.858442383878E-11
0.540668732043E+01  0.613108411575E-10
0.541172353451E+01  0.110888367604E-09
0.541675974859E+01  0.124170160551E-09
0.542179596267E+01  0.970603621638E-10
0.542683217675E+01  0.386051837805E-10
0.543186839083E+01  -0.320238369798E-10
0.543690460491E+01  -0.918188913281E-10
0.544194081899E+01  -0.121430366826E-09
0.544697703307E+01  -0.111430567131E-09
0.545201324715E+01  -0.653130082189E-10
0.545704946123E+01  0.172200918207E-11
0.546208567531E+01  0.677784529930E-10
0.546712188939E+01  0.111417011486E-09
0.547215810347E+01  0.118616673615E-09
0.547719431756E+01  0.872789248621E-10
0.548223053164E+01  0.278326744046E-10
0.548726674572E+01  -0.402352169956E-10
0.549230295980E+01  -0.947692090186E-10
0.549733917388E+01  -0.118156470903E-09
0.550237538796E+01  -0.103016915466E-09
0.550741160204E+01  -0.545298676293E-10
0.551244781612E+01  0.113351513968E-10
0.551748403020E+01  0.730792529867E-10
0.552252024428E+01  0.110693788177E-09
0.552755645836E+01  0.112148156972E-09
0.553259267244E+01  0.772382489787E-10
0.553762888652E+01  0.175661394153E-10
0.554266510060E+01  -0.473133673901E-10
0.554770131468E+01  -0.963022506724E-10
0.555273752876E+01  -0.113621808186E-09
0.555777374284E+01  -0.938940305400E-10
0.556280995692E+01  -0.438076765121E-10
0.556784617100E+01  0.201480082651E-10
0.557288238508E+01  0.771164783317E-10
0.557791859916E+01  0.108678956970E-09
0.558295481325E+01  0.104815920512E-09
0.558799102733E+01  0.670893353639E-10
0.559302724141E+01  0.803826087945E-11
0.559806345549E+01  -0.529866019559E-10
0.560309966957E+01  -0.961629741319E-10
0.560813588365E+01  -0.107637557196E-09
0.561317209773E+01  -0.839684874638E-10
0.561820831181E+01  -0.331476246230E-10
0.562324452589E+01  0.280997240490E-10
0.562828073997E+01  0.798278730910E-10
0.563331695405E+01  0.105375311977E-09
0.563835316813E+01  0.967413118361E-10
0.564338938221E+01  0.570965100327E-10
0.564842559629E+01  -0.360380943230E-12
0.565346181037E+01  -0.567911841352E-10
0.565849802445E+01  -0.938912091005E-10
0.566353423853E+01  -0.998257606486E-10
0.566857045261E+01  -0.729992861946E-10
0.567360666669E+01  -0.224565530616E-10
0.567864288077E+01  0.351752617517E-10
0.568367909486E+01  0.811728386472E-10
0.568871530894E+01  0.100819893604E-09
0.569375152302E+01  0.881325043042E-10
0.569878773710E+01  0.476905725814E-10
0.570382395118E+01  -0.698566567007E-11
0.570886016526E+01  -0.579442556328E-10
0.571389637934E+01  -0.886879609809E-10
0.571893259342E+01  -0.895075892380E-10
0.572396880750E+01  -0.605351347779E-10
0.572900502158E+01  -0.115540805169E-10
0.573404123566E+01  0.413253114710E-10
0.573907744974E+01  0.809936801421E-10
0.574411366382E+01  0.949128518513E-10
0.574914987790E+01  0.791080920866E-10
0.575418609198E+01  0.393080100741E-10
0.575922230606E+01  -0.110900084043E-10
0.576425852014E+01  -0.555146845021E-10
0.576929473422E+01  -0.796628619052E-10
0.577433094830E+01  -0.761009083318E-10
0.577936716238E+01  -0.465368160159E-10
0.578440337646E+01  -0.107047448607E-11
0.578943959055E+01  0.452756682306E-10
0.579447580463E+01  0.775498654825E-10
0.579951201871E+01  0.857275891188E-10
0.580454823279E+01  0.678412429170E-10
0.580958444687E+01  0.304011958299E-10
0.581462066095E+01  -0.139643012208E-10
0.581965687503E+01  -0.508055082938E-10
0.582469308911E+01  -0.686219622672E-10
0.582972930319E+01  -0.625243379686E-10
0.583476551727E+01  -0.356140692202E-10
0.583980173135E+01  0.230465648258E-11
0.584483794543E+01  0.381729967066E-10
0.584987415951E+01  0.600695161778E-10
0.585491037359E+01  0.610560354790E-10
0.585994658767E+01  0.412147092860E-10
0.586498280175E+01  0.726374026566E-11
0.587001901583E+01  -0.300266245073E-10
0.587505522991E+01  -0.596532618650E-10
0.588009144399E+01  -0.740890604823E-10
0.588512765807E+01  -0.716218209393E-10
0.589016387216E+01  -0.565814107087E-10
0.589520008624E+01  -0.374796529434E-10
0.590023630032E+01  -0.238196803448E-10
0.590527251440E+01  -0.227711093236E-10
0.591030872848E+01  -0.369158047496E-10
0.591534494256E+01  -0.638357569868E-10
0.592038115664E+01  -0.976044351599E-10
0.592541737072E+01  -0.131532326331E-09
0.593045358480E+01  -0.161044178927E-09
0.593548979888E+01  -0.185535177497E-09
0.594052601296E+01  -0.208455620795E-09
0.594556222704E+01  -0.235592380593E-09
0.595059844112E+01  -0.272253627955E-09
0.595563465520E+01  -0.320567501769E-09
0.596067086928E+01  -0.378138055124E-09
0.596570708336E+01  -0.438839255110E-09
0.597074329744E+01  -0.495704649466E-09
0.597577951152E+01  -0.544965119864E-09
0.598081572560E+01  -0.589656393150E-09
0.598585193968E+01  -0.641112786464E-09
0.599088815376E+01  -0.717200491715E-09
0.599592436785E+01  -0.837182413589E-09
0.600096058193E+01  -0.101435577126E-08
0.600599679601E+01  -0.124861505449E-08
0.601103301009E+01  -0.152151567740E-08
0.601606922417E+01  -0.179600716466E-08
0.602110543825E+01  -0.202182122879E-08
0.602614165233E+01  -0.214584980639E-08
0.603117786641E+01  -0.212520206152E-08
